8334 2.0 85.0 37.0 18.0 1002.18 716.66 6.0 1123.03 699.64 
8335 2.0 53.0 42.0 35.0 1002.68 552.7 6.0 1074.16 529.99 
8336 2.0 61.0 58.0 51.0 1013.85 74.4 6.0 1011.51 56.29 
8337 2.0 49.0 41.0 40.0 1015.22 143.19 6.0 1021.12 121.52 
8338 2.0 66.0 63.0 55.0 1021.74 375.42 6.0 1055.41 350.95 
8339 2.0 68.0 52.0 43.0 1025.56 722.33 6.0 1147.56 703.6 
8340 2.0 175.0 161.0 145.0 1028.86 726.06 6.0 1153.17 707.09 
8341 2.0 34.0 28.0 22.0 1034.93 446.65 6.0 1073.62 420.54 
8342 2.0 144.0 144.0 130.0 1036.58 378.36 6.0 1063.69 353.52 
8343 2.0 62.0 120.0 168.0 104.64 82.55 6.0 71.41 113.65 
8344 2.0 106.0 99.0 92.0 1041.77 354.85 6.0 1067.06 331.83 
8345 2.0 50.0 46.0 44.0 1042.76 370.61 6.0 1068.11 346.42 
8346 2.0 54.0 47.0 49.0 1045.44 243.06 6.0 1051.05 220.28 
8347 2.0 34.0 29.0 29.0 1059.71 396.76 6.0 1079.87 371.39 
8348 2.0 34.0 29.0 29.0 1059.84 396.5 6.0 1079.87 371.39 
8349 2.0 96.0 94.0 104.0 106.24 522.2 6.0 92.14 567.4 
8350 2.0 120.0 225.0 255.0 106.35 240.41 6.0 86.65 274.66 
8351 2.0 19.0 15.0 25.0 106.89 518.42 6.0 93.2 563.45 
8352 2.0 137.0 206.0 245.0 107.32 180.33 6.0 79.34 214.17 
8353 2.0 32.0 26.0 35.0 1087.9 374.73 6.0 1093.69 353.03 
8354 2.0 74.0 70.0 78.0 109.16 418.9 6.0 89.31 461.18 
8355 2.0 34.0 102.0 145.0 109.87 183.55 6.0 82.29 218.06 
8356 2.0 7.0 5.0 12.0 1103.64 440.0 6.0 1104.91 414.48 
8357 2.0 7.0 21.0 31.0 1105.61 292.72 6.0 1094.45 270.49 
8358 2.0 129.0 169.0 196.0 1108.82 298.58 6.0 1098.11 275.83 
8359 2.0 51.0 33.0 9.0 1111.64 726.73 6.0 1242.24 702.18 
8360 2.0 149.0 174.0 207.0 112.89 330.31 6.0 94.85 370.1 
8361 2.0 37.0 29.0 36.0 1133.76 669.15 6.0 1213.42 639.92 
8362 2.0 137.0 181.0 227.0 1142.12 406.49 6.0 1126.68 381.58 
8363 2.0 127.0 156.0 185.0 1157.99 419.45 6.0 1142.69 392.86 
8364 2.0 132.0 159.0 188.0 1160.79 425.9 6.0 1145.57 399.43 
8365 2.0 113.0 159.0 196.0 1162.95 403.77 6.0 1145.86 376.92 
8366 2.0 79.0 73.0 66.0 1163.64 560.34 6.0 1163.11 531.48 
8367 2.0 244.0 241.0 242.0 1170.55 567.69 6.0 1172.19 537.84 
8368 2.0 143.0 181.0 208.0 1171.31 448.53 6.0 1156.09 421.31 
8369 2.0 61.0 54.0 53.0 1173.01 550.39 6.0 1169.27 519.55 
8370 2.0 192.0 186.0 180.0 1173.28 559.78 6.0 1170.66 531.12 
8371 2.0 63.0 57.0 51.0 1174.62 556.48 6.0 1170.79 527.68 
8372 2.0 74.0 68.0 64.0 1176.04 561.61 6.0 1173.92 532.2 
8373 2.0 76.0 142.0 177.0 1177.19 390.11 6.0 1159.93 362.78 
8374 2.0 127.0 181.0 227.0 1180.44 418.52 6.0 1164.05 390.05 
8375 2.0 161.0 199.0 230.0 1180.8 458.72 6.0 1164.88 430.45 
8376 2.0 11.0 6.0 16.0 1182.7 619.18 6.0 1224.18 586.12 
8377 2.0 129.0 157.0 170.0 1183.17 478.74 6.0 1168.75 449.17 
8378 2.0 43.0 50.0 80.0 1185.67 439.95 6.0 1168.95 413.05 
8379 2.0 22.0 60.0 103.0 1185.68 419.07 6.0 1168.93 389.76 
8380 2.0 130.0 138.0 164.0 1185.7 446.9 6.0 1169.36 418.57 
8381 2.0 92.0 177.0 224.0 1186.66 402.88 6.0 1169.69 375.13 
8382 2.0 249.0 245.0 253.0 1190.01 569.3 6.0 1188.88 538.03 
8383 2.0 80.0 158.0 194.0 1193.0 414.52 6.0 1177.12 384.89 
8384 2.0 251.0 254.0 247.0 1193.03 537.51 6.0 1182.73 506.56 
8385 2.0 79.0 74.0 79.0 1201.8 569.85 6.0 1202.88 537.25 
8386 2.0 132.0 115.0 105.0 1206.7 482.34 6.0 1197.46 452.25 
8387 2.0 104.0 144.0 192.0 1207.69 390.7 6.0 1191.05 361.75 
8388 2.0 117.0 140.0 176.0 121.53 205.49 6.0 89.9 237.58 
8389 2.0 49.0 33.0 21.0 1210.32 500.23 6.0 1199.87 467.55 
8390 2.0 86.0 73.0 68.0 1211.11 440.93 6.0 1195.4 410.5 
8391 2.0 112.0 96.0 84.0 1213.62 498.1 6.0 1203.93 466.09 
8392 2.0 86.0 69.0 60.0 1213.88 517.19 6.0 1206.57 485.68 
8393 2.0 244.0 236.0 237.0 1214.59 567.72 6.0 1213.76 534.83 
8394 2.0 136.0 119.0 111.0 1214.94 512.62 6.0 1207.94 481.95 
8395 2.0 133.0 116.0 109.0 1216.11 471.28 6.0 1202.04 438.47 
8396 2.0 134.0 161.0 192.0 1217.71 414.33 6.0 1202.28 383.44 
8397 2.0 144.0 180.0 217.0 1219.64 393.96 6.0 1201.6 363.23 
8398 2.0 117.0 102.0 90.0 1219.66 491.16 6.0 1208.51 459.27 
8399 2.0 67.0 50.0 42.0 1219.73 511.19 6.0 1211.06 479.23 
8400 2.0 21.0 52.0 94.0 122.85 328.71 6.0 104.06 366.85 
8401 2.0 66.0 53.0 44.0 1222.74 541.86 6.0 1216.45 508.76 
8402 2.0 59.0 47.0 43.0 1225.66 445.24 6.0 1212.07 414.0 
8403 2.0 90.0 78.0 72.0 1227.04 484.04 6.0 1216.04 450.88 
8404 2.0 123.0 112.0 110.0 1228.01 543.87 6.0 1222.09 510.86 
8405 2.0 28.0 20.0 14.0 1229.24 531.9 6.0 1222.55 500.09 
8406 2.0 14.0 14.0 4.0 123.56 531.51 6.0 114.15 575.07 
8407 2.0 37.0 29.0 30.0 1230.28 520.22 6.0 1221.97 487.47 
8408 2.0 124.0 111.0 113.0 1231.89 511.64 6.0 1222.54 478.47 
8409 2.0 18.0 13.0 5.0 1232.56 483.15 6.0 1221.24 450.71 
8410 2.0 107.0 100.0 96.0 1233.37 529.03 6.0 1226.07 496.04 
8411 2.0 128.0 118.0 102.0 1233.99 565.64 6.0 1230.73 530.38 
8412 2.0 36.0 35.0 27.0 1234.1 497.68 6.0 1223.64 465.87 
8413 2.0 92.0 84.0 84.0 1237.79 526.85 6.0 1230.07 493.17 
8414 2.0 106.0 96.0 90.0 1238.28 436.04 6.0 1222.13 403.83 
8415 2.0 183.0 180.0 174.0 1239.93 489.22 6.0 1228.16 456.56 
8416 2.0 36.0 30.0 25.0 1240.1 556.49 6.0 1235.13 522.24 
8417 2.0 110.0 102.0 103.0 1240.65 520.86 6.0 1231.79 487.13 
8418 2.0 204.0 205.0 198.0 1241.29 496.59 6.0 1229.91 462.77 
8419 2.0 37.0 32.0 22.0 1242.17 482.67 6.0 1230.86 449.1 
8420 2.0 104.0 98.0 101.0 1247.52 546.4 6.0 1240.59 512.3 
8421 2.0 120.0 112.0 113.0 1249.69 521.35 6.0 1240.44 486.86 
8422 2.0 109.0 109.0 105.0 1249.79 557.75 6.0 1244.19 520.89 
8423 2.0 123.0 111.0 107.0 1249.82 467.38 6.0 1238.31 433.61 
8424 2.0 92.0 92.0 92.0 1250.0 555.0 6.0 1244.19 520.89 
8425 2.0 25.0 18.0 14.0 1250.93 537.36 6.0 1243.05 502.82 
8426 2.0 84.0 72.0 70.0 1251.52 507.79 6.0 1241.09 474.04 
8427 2.0 67.0 64.0 53.0 1253.81 572.68 6.0 1253.03 537.14 
8428 2.0 106.0 99.0 93.0 1253.98 531.83 6.0 1245.78 497.54 
8429 2.0 42.0 34.0 35.0 1254.45 547.64 6.0 1247.31 513.08 
8430 2.0 226.0 230.0 217.0 1254.98 566.39 6.0 1252.79 530.26 
8431 2.0 49.0 35.0 31.0 1257.04 506.76 6.0 1246.67 472.26 
8432 2.0 117.0 104.0 100.0 1257.09 511.16 6.0 1246.79 476.31 
8433 2.0 118.0 111.0 107.0 1257.65 525.62 6.0 1248.78 489.62 
8434 2.0 178.0 180.0 180.0 1257.71 577.87 6.0 1256.63 541.71 
8435 2.0 74.0 97.0 130.0 1266.27 406.37 6.0 1247.6 371.93 
8436 2.0 34.0 24.0 19.0 1267.39 539.07 6.0 1260.7 505.63 
8437 2.0 133.0 121.0 116.0 1267.4 486.0 6.0 1255.69 450.69 
8438 2.0 162.0 167.0 175.0 1270.65 574.69 6.0 1269.06 537.94 
8439 2.0 114.0 102.0 100.0 1271.18 536.3 6.0 1263.35 500.56 
8440 2.0 61.0 63.0 63.0 1273.08 559.7 6.0 1268.14 523.1 
8441 2.0 101.0 117.0 142.0 1274.51 408.9 6.0 1256.36 374.48 
8442 2.0 123.0 177.0 213.0 128.86 314.44 6.0 108.23 351.46 
8443 2.0 108.0 111.0 94.0 132.01 538.53 6.0 124.37 581.1 
8444 2.0 92.0 90.0 99.0 133.48 412.78 6.0 114.65 453.29 
8445 2.0 157.0 194.0 235.0 135.14 269.19 6.0 118.51 302.05 
8446 2.0 198.0 201.0 202.0 135.18 543.15 6.0 130.4 586.06 
8447 2.0 98.0 185.0 224.0 139.8 245.3 6.0 114.7 280.14 
8448 2.0 180.0 184.0 181.0 140.54 543.72 6.0 136.96 586.52 
8449 2.0 143.0 143.0 133.0 141.69 532.81 6.0 135.43 575.52 
8450 2.0 23.0 24.0 37.0 142.32 555.47 6.0 141.86 598.67 
8451 2.0 91.0 210.0 233.0 143.79 369.93 6.0 127.61 408.52 
8452 2.0 40.0 109.0 160.0 144.46 145.22 6.0 117.57 177.39 
8453 2.0 177.0 203.0 249.0 145.72 392.76 6.0 123.74 432.43 
8454 2.0 49.0 79.0 112.0 146.25 278.09 6.0 131.34 311.26 
8455 2.0 203.0 200.0 217.0 147.35 557.18 6.0 147.79 599.84 
8456 2.0 12.0 13.0 22.0 148.07 509.18 6.0 132.96 551.27 
8457 2.0 142.0 217.0 255.0 148.6 141.59 6.0 120.47 173.25 
8458 2.0 20.0 18.0 25.0 148.61 553.25 6.0 147.99 595.73 
8459 2.0 68.0 70.0 79.0 149.47 513.21 6.0 135.21 555.37 
8460 2.0 157.0 202.0 247.0 149.92 99.03 6.0 119.61 127.71 
8461 2.0 10.0 40.0 63.0 150.75 398.21 6.0 131.48 438.52 
8462 2.0 71.0 137.0 188.0 151.39 137.26 6.0 122.47 168.66 
8463 2.0 117.0 209.0 240.0 151.65 328.27 6.0 134.33 363.81 
8464 2.0 29.0 106.0 157.0 151.73 149.74 6.0 123.72 181.59 
8465 2.0 36.0 33.0 48.0 152.16 560.82 6.0 154.3 603.01 
8466 2.0 52.0 136.0 190.0 155.08 147.08 6.0 127.69 177.57 
8467 2.0 42.0 113.0 166.0 155.31 156.46 6.0 128.67 188.51 
8468 2.0 106.0 100.0 122.0 156.28 415.68 6.0 137.13 455.19 
8469 2.0 17.0 11.0 20.0 159.14 520.13 6.0 149.04 561.09 
8470 2.0 154.0 240.0 255.0 159.27 378.55 6.0 144.61 414.81 
8471 2.0 61.0 58.0 56.0 159.4 538.83 6.0 157.25 579.92 
8472 2.0 16.0 10.0 22.0 159.54 510.5 6.0 148.99 551.55 
8473 2.0 120.0 117.0 113.0 159.74 555.37 6.0 160.1 596.2 
8474 2.0 127.0 213.0 254.0 160.12 147.23 6.0 131.88 178.21 
8475 2.0 74.0 164.0 196.0 160.6 363.0 6.0 143.9 401.06 
8476 2.0 41.0 113.0 167.0 161.92 138.21 6.0 133.72 169.48 
8477 2.0 145.0 236.0 255.0 163.14 365.22 6.0 147.62 401.78 
8478 2.0 153.0 147.0 146.0 164.96 520.9 6.0 155.63 559.58 
8479 2.0 35.0 31.0 42.0 165.97 477.1 6.0 152.61 517.01 
8480 2.0 147.0 143.0 148.0 166.85 497.44 6.0 155.54 539.24 
8481 2.0 71.0 66.0 56.0 166.98 544.95 6.0 167.77 585.57 
8482 2.0 69.0 90.0 121.0 167.03 294.97 6.0 153.24 328.32 
8483 2.0 0.0 56.0 96.0 167.07 358.15 6.0 152.14 394.7 
8484 2.0 129.0 211.0 255.0 167.45 239.92 6.0 143.59 273.29 
8485 2.0 116.0 164.0 217.0 168.38 132.81 6.0 140.58 162.57 
8486 2.0 55.0 47.0 60.0 168.47 564.15 6.0 173.03 605.52 
8487 2.0 90.0 171.0 217.0 168.5 349.68 6.0 148.47 383.44 
8488 2.0 86.0 93.0 123.0 168.89 206.18 6.0 145.75 237.85 
8489 2.0 154.0 149.0 153.0 169.24 487.55 6.0 157.48 526.75 
8490 2.0 40.0 35.0 49.0 169.66 442.67 6.0 154.87 481.46 
8491 2.0 83.0 78.0 82.0 169.76 493.07 6.0 158.47 532.14 
8492 2.0 134.0 125.0 136.0 169.9 478.88 6.0 157.29 517.99 
8493 2.0 59.0 79.0 115.0 169.98 177.49 6.0 145.48 209.26 
8494 2.0 57.0 78.0 111.0 170.05 295.01 6.0 153.07 325.8 
8495 2.0 109.0 218.0 255.0 170.25 141.42 6.0 143.47 172.24 
8496 2.0 132.0 120.0 123.0 173.32 482.95 6.0 161.02 522.86 
8497 2.0 72.0 127.0 175.0 173.81 68.88 6.0 142.26 95.62 
8498 2.0 165.0 149.0 153.0 174.65 477.12 6.0 162.63 516.34 
8499 2.0 123.0 113.0 108.0 175.81 484.91 6.0 164.26 524.21 
8500 2.0 91.0 86.0 94.0 176.43 447.11 6.0 162.0 485.17 
8501 2.0 144.0 140.0 150.0 177.55 428.94 6.0 161.98 468.25 
8502 2.0 73.0 142.0 185.0 178.35 164.9 6.0 150.31 195.25 
8503 2.0 120.0 124.0 137.0 178.8 410.03 6.0 161.94 446.8 
8504 2.0 172.0 156.0 148.0 179.48 480.58 6.0 168.15 519.36 
8505 2.0 22.0 76.0 132.0 179.9 138.97 6.0 153.22 168.59 
8506 2.0 13.0 9.0 20.0 18.51 535.41 6.0 7.17 586.61 
8507 2.0 178.0 165.0 149.0 180.37 482.92 6.0 169.6 521.22 
8508 2.0 161.0 150.0 138.0 180.52 515.87 6.0 171.26 555.79 
8509 2.0 104.0 98.0 95.0 180.55 444.12 6.0 167.22 481.54 
8510 2.0 166.0 150.0 138.0 180.61 473.9 6.0 169.31 512.41 
8511 2.0 60.0 68.0 80.0 181.06 233.74 6.0 158.54 263.96 
8512 2.0 90.0 99.0 103.0 181.68 400.05 6.0 163.72 436.59 
8513 2.0 65.0 56.0 35.0 183.19 488.36 6.0 172.78 527.04 
8514 2.0 169.0 158.0 138.0 183.38 483.97 6.0 171.94 522.5 
8515 2.0 160.0 150.0 136.0 184.18 517.24 6.0 176.33 556.4 
8516 2.0 187.0 177.0 155.0 185.56 521.02 6.0 179.59 560.13 
8517 2.0 183.0 176.0 170.0 186.55 434.78 6.0 172.35 471.98 
8518 2.0 93.0 94.0 85.0 186.77 397.87 6.0 170.69 433.98 
8519 2.0 60.0 61.0 77.0 187.42 572.64 6.0 195.07 612.41 
8520 2.0 56.0 56.0 73.0 187.59 573.02 6.0 195.07 612.41 
8521 2.0 26.0 104.0 154.0 187.99 150.16 6.0 162.44 179.72 
8522 2.0 100.0 94.0 82.0 188.32 454.77 6.0 175.89 492.02 
8523 2.0 66.0 67.0 55.0 188.64 391.7 6.0 172.06 428.13 
8524 2.0 143.0 136.0 131.0 188.85 430.07 6.0 174.97 466.34 
8525 2.0 126.0 210.0 250.0 189.45 65.94 6.0 158.36 92.77 
8526 2.0 169.0 153.0 137.0 189.89 480.64 6.0 180.07 518.46 
8527 2.0 151.0 194.0 241.0 190.22 84.31 6.0 160.63 111.07 
8528 2.0 185.0 178.0 172.0 190.59 432.42 6.0 176.71 469.41 
8529 2.0 42.0 29.0 24.0 190.65 521.19 6.0 183.77 558.97 
8530 2.0 114.0 121.0 147.0 190.79 240.97 6.0 171.33 272.09 
8531 2.0 35.0 24.0 12.0 192.22 513.63 6.0 185.08 551.92 
8532 2.0 175.0 159.0 145.0 193.6 473.41 6.0 183.47 511.65 
8533 2.0 72.0 78.0 102.0 194.31 245.88 6.0 175.82 277.2 
8534 2.0 50.0 38.0 26.0 196.91 470.59 6.0 188.04 507.46 
8535 2.0 110.0 189.0 242.0 197.04 119.56 6.0 170.73 144.57 
8536 2.0 178.0 171.0 164.0 198.13 429.44 6.0 185.65 464.83 
8537 2.0 132.0 192.0 236.0 200.31 85.74 6.0 171.11 111.62 
8538 2.0 98.0 97.0 93.0 200.35 533.81 6.0 198.67 571.89 
8539 2.0 138.0 144.0 128.0 200.61 539.13 6.0 200.46 575.76 
8540 2.0 37.0 30.0 24.0 203.19 431.13 6.0 191.17 466.37 
8541 2.0 35.0 60.0 72.0 204.99 260.62 6.0 187.58 291.28 
8542 2.0 79.0 79.0 61.0 206.42 377.19 6.0 190.96 410.33 
8543 2.0 125.0 162.0 190.0 206.48 281.95 6.0 190.97 311.78 
8544 2.0 156.0 153.0 140.0 206.9 373.05 6.0 190.39 406.49 
8545 2.0 140.0 212.0 253.0 207.87 139.82 6.0 182.63 167.19 
8546 2.0 112.0 191.0 233.0 208.12 181.47 6.0 182.64 208.58 
8547 2.0 136.0 203.0 253.0 208.33 146.68 6.0 183.36 174.11 
8548 2.0 119.0 154.0 195.0 209.42 254.46 6.0 190.74 284.61 
8549 2.0 108.0 188.0 233.0 209.81 110.18 6.0 182.01 136.12 
8550 2.0 84.0 79.0 95.0 21.9 540.04 6.0 10.43 590.79 
8551 2.0 26.0 93.0 141.0 211.04 144.11 6.0 186.06 171.6 
8552 2.0 42.0 99.0 151.0 211.61 138.6 6.0 186.21 166.13 
8553 2.0 43.0 40.0 32.0 211.67 372.47 6.0 194.91 407.02 
8554 2.0 116.0 119.0 111.0 211.7 536.1 6.0 212.11 573.32 
8555 2.0 46.0 106.0 160.0 211.85 102.09 6.0 182.88 127.63 
8556 2.0 114.0 116.0 106.0 214.22 539.69 6.0 216.29 577.49 
8557 2.0 54.0 52.0 54.0 215.02 378.83 6.0 201.96 411.62 
8558 2.0 36.0 88.0 127.0 215.58 169.09 6.0 192.07 196.19 
8559 2.0 65.0 69.0 86.0 216.99 333.89 6.0 198.5 370.76 
8560 2.0 41.0 105.0 162.0 217.55 108.53 6.0 189.22 134.49 
8561 2.0 42.0 35.0 36.0 217.84 466.32 6.0 208.66 502.46 
8562 2.0 101.0 169.0 224.0 219.84 113.32 6.0 192.68 139.39 
8563 2.0 108.0 171.0 222.0 220.94 122.4 6.0 193.8 149.25 
8564 2.0 49.0 122.0 177.0 222.73 112.73 6.0 195.57 137.57 
8565 2.0 109.0 108.0 90.0 222.93 560.88 6.0 229.41 598.07 
8566 2.0 66.0 59.0 60.0 223.92 396.7 6.0 212.63 428.0 
8567 2.0 72.0 68.0 68.0 224.64 489.53 6.0 216.42 524.79 
8568 2.0 228.0 229.0 219.0 226.61 583.13 6.0 243.05 620.82 
8569 2.0 64.0 70.0 82.0 228.71 304.39 6.0 214.12 334.48 
8570 2.0 157.0 175.0 192.0 228.84 288.47 6.0 214.03 318.94 
8571 2.0 58.0 115.0 154.0 230.69 151.01 6.0 205.11 177.44 
8572 2.0 92.0 96.0 67.0 230.81 551.7 6.0 235.0 587.75 
8573 2.0 82.0 81.0 72.0 232.64 542.53 6.0 236.49 577.89 
8574 2.0 71.0 129.0 174.0 234.17 76.59 6.0 204.2 101.11 
8575 2.0 80.0 76.0 75.0 234.76 386.07 6.0 224.13 418.17 
8576 2.0 174.0 177.0 180.0 234.78 372.87 6.0 222.55 405.36 
8577 2.0 40.0 104.0 150.0 235.46 188.45 6.0 211.57 216.11 
8578 2.0 100.0 155.0 194.0 236.56 197.88 6.0 216.67 224.97 
8579 2.0 130.0 187.0 230.0 237.88 80.39 6.0 209.88 105.36 
8580 2.0 135.0 192.0 234.0 238.83 136.78 6.0 213.26 163.02 
8581 2.0 55.0 124.0 173.0 239.36 99.03 6.0 211.72 123.55 
8582 2.0 115.0 166.0 214.0 239.54 188.5 6.0 215.48 216.27 
8583 2.0 65.0 76.0 91.0 239.98 285.8 6.0 223.42 316.69 
8584 2.0 24.0 31.0 4.0 240.26 551.3 6.0 245.47 586.49 
8585 2.0 40.0 37.0 39.0 241.12 383.4 6.0 226.39 418.99 
8586 2.0 134.0 142.0 100.0 242.65 554.26 6.0 247.08 589.42 
8587 2.0 57.0 107.0 151.0 243.01 81.55 6.0 215.38 106.62 
8588 2.0 73.0 72.0 99.0 243.93 224.33 6.0 229.29 249.6 
8589 2.0 80.0 142.0 188.0 244.02 128.03 6.0 216.94 152.63 
8590 2.0 82.0 75.0 71.0 244.04 410.55 6.0 234.53 442.94 
8591 2.0 81.0 78.0 73.0 245.27 464.02 6.0 237.81 497.64 
8592 2.0 132.0 117.0 109.0 246.28 604.56 6.0 269.34 640.77 
8593 2.0 247.0 233.0 230.0 246.46 608.81 6.0 270.41 644.89 
8594 2.0 52.0 58.0 18.0 247.05 546.33 6.0 250.6 581.85 
8595 2.0 33.0 31.0 26.0 248.17 536.44 6.0 244.93 571.6 
8596 2.0 125.0 204.0 250.0 249.63 128.81 6.0 222.63 153.3 
8597 2.0 61.0 73.0 11.0 253.04 550.41 6.0 257.71 585.57 
8598 2.0 79.0 119.0 178.0 255.44 168.19 6.0 231.35 193.67 
8599 2.0 39.0 32.0 33.0 256.98 514.54 6.0 251.92 547.05 
8600 2.0 71.0 122.0 176.0 257.44 141.56 6.0 231.05 166.21 
8601 2.0 133.0 144.0 92.0 260.79 560.12 6.0 276.72 593.0 
8602 2.0 42.0 43.0 32.0 263.73 572.04 6.0 280.28 607.58 
8603 2.0 12.0 5.0 4.0 264.25 504.89 6.0 261.6 539.29 
8604 2.0 123.0 140.0 74.0 264.71 588.0 6.0 283.92 623.03 
8605 2.0 30.0 40.0 2.0 264.86 562.95 6.0 280.38 598.07 
8606 2.0 149.0 178.0 205.0 265.94 209.31 6.0 244.78 235.55 
8607 2.0 125.0 143.0 78.0 266.39 585.1 6.0 283.46 619.83 
8608 2.0 56.0 116.0 157.0 268.19 197.42 6.0 245.24 223.67 
8609 2.0 232.0 233.0 222.0 268.91 576.65 6.0 285.69 610.73 
8610 2.0 128.0 142.0 94.0 269.25 559.32 6.0 285.3 592.73 
8611 2.0 52.0 47.0 60.0 27.12 537.6 6.0 14.46 588.67 
8612 2.0 46.0 42.0 40.0 270.08 393.31 6.0 263.15 422.04 
8613 2.0 53.0 89.0 131.0 270.29 193.92 6.0 247.26 220.74 
8614 2.0 128.0 182.0 230.0 270.42 135.41 6.0 245.37 159.99 
8615 2.0 184.0 181.0 176.0 270.6 464.1 6.0 278.83 493.47 
8616 2.0 128.0 193.0 243.0 271.49 72.06 6.0 244.77 94.43 
8617 2.0 97.0 103.0 74.0 271.6 563.56 6.0 287.61 596.53 
8618 2.0 62.0 124.0 170.0 273.19 142.42 6.0 248.25 166.14 
8619 2.0 135.0 131.0 127.0 273.86 458.54 6.0 281.97 488.08 
8620 2.0 233.0 236.0 216.0 274.6 571.43 6.0 290.91 603.79 
8621 2.0 148.0 133.0 124.0 276.85 629.9 6.0 305.48 662.44 
8622 2.0 43.0 123.0 181.0 278.18 195.01 6.0 254.43 222.03 
8623 2.0 111.0 181.0 236.0 280.03 92.03 6.0 254.99 114.28 
8624 2.0 103.0 175.0 222.0 280.44 332.9 6.0 266.06 358.14 
8625 2.0 141.0 135.0 129.0 281.35 464.03 6.0 290.45 493.59 
8626 2.0 133.0 199.0 248.0 281.72 110.9 6.0 256.47 134.54 
8627 2.0 67.0 131.0 176.0 281.78 137.07 6.0 254.35 159.07 
8628 2.0 140.0 202.0 252.0 282.14 131.19 6.0 257.36 152.47 
8629 2.0 64.0 139.0 193.0 282.23 87.92 6.0 256.13 109.99 
8630 2.0 83.0 184.0 222.0 282.26 202.89 6.0 263.67 227.99 
8631 2.0 67.0 61.0 55.0 283.96 470.44 6.0 283.45 505.09 
8632 2.0 132.0 194.0 249.0 288.36 186.32 6.0 266.97 211.91 
8633 2.0 45.0 42.0 45.0 289.2 393.18 6.0 280.7 421.13 
8634 2.0 116.0 181.0 221.0 290.39 324.38 6.0 277.24 352.39 
8635 2.0 16.0 89.0 146.0 291.36 192.06 6.0 269.87 217.61 
8636 2.0 87.0 183.0 229.0 292.01 92.56 6.0 267.5 115.02 
8637 2.0 108.0 171.0 221.0 293.16 125.5 6.0 269.19 149.37 
8638 2.0 119.0 186.0 240.0 294.92 182.87 6.0 272.74 207.64 
8639 2.0 115.0 149.0 190.0 295.21 150.77 6.0 272.98 172.87 
8640 2.0 69.0 127.0 181.0 299.48 102.58 6.0 276.01 123.28 
8641 2.0 144.0 186.0 233.0 299.85 147.43 6.0 277.7 170.23 
8642 2.0 46.0 94.0 141.0 301.21 190.03 6.0 281.79 213.86 
8643 2.0 119.0 173.0 227.0 301.55 114.43 6.0 278.55 134.4 
8644 2.0 34.0 28.0 24.0 303.85 519.04 6.0 307.02 550.93 
8645 2.0 26.0 27.0 12.0 303.88 541.94 6.0 308.66 572.36 
8646 2.0 141.0 140.0 134.0 305.19 410.73 6.0 301.2 437.02 
8647 2.0 46.0 100.0 153.0 307.42 106.03 6.0 283.32 126.66 
8648 2.0 101.0 104.0 86.0 307.77 541.78 6.0 312.76 572.53 
8649 2.0 32.0 30.0 27.0 308.37 378.33 6.0 302.91 404.89 
8650 2.0 128.0 123.0 107.0 309.15 455.05 6.0 308.27 483.57 
8651 2.0 117.0 182.0 231.0 309.24 109.85 6.0 286.08 129.59 
8652 2.0 36.0 30.0 26.0 309.61 524.63 6.0 313.27 554.8 
8653 2.0 39.0 44.0 8.0 309.88 553.58 6.0 315.98 584.1 
8654 2.0 36.0 32.0 16.0 310.49 441.32 6.0 308.6 469.21 
8655 2.0 98.0 92.0 88.0 311.56 531.83 6.0 316.54 561.73 
8656 2.0 95.0 96.0 81.0 313.26 550.57 6.0 318.92 580.73 
8657 2.0 34.0 68.0 111.0 313.43 185.23 6.0 294.93 209.04 
8658 2.0 79.0 100.0 31.0 316.96 583.31 6.0 337.21 613.71 
8659 2.0 118.0 190.0 243.0 317.14 93.81 6.0 290.67 114.89 
8660 2.0 118.0 182.0 229.0 321.94 123.43 6.0 297.45 143.42 
8661 2.0 61.0 55.0 45.0 321.99 456.87 6.0 327.2 481.4 
8662 2.0 47.0 44.0 47.0 322.61 358.98 6.0 316.28 388.91 
8663 2.0 129.0 183.0 231.0 323.6 197.96 6.0 307.16 223.97 
8664 2.0 60.0 65.0 66.0 324.46 277.9 6.0 312.18 301.28 
8665 2.0 53.0 53.0 37.0 324.68 558.47 6.0 332.27 588.15 
8666 2.0 165.0 165.0 153.0 325.89 553.31 6.0 332.42 582.98 
8667 2.0 25.0 56.0 96.0 326.05 210.76 6.0 308.72 231.8 
8668 2.0 124.0 192.0 243.0 326.33 190.53 6.0 307.31 212.55 
8669 2.0 14.0 44.0 70.0 327.02 316.11 6.0 318.45 338.85 
8670 2.0 41.0 37.0 36.0 327.54 543.55 6.0 332.81 573.63 
8671 2.0 128.0 130.0 128.0 327.57 759.99 6.0 266.43 776.41 
8672 2.0 133.0 167.0 211.0 328.44 206.42 6.0 310.75 227.88 
8673 2.0 46.0 67.0 106.0 328.72 215.04 6.0 312.5 237.0 
8674 2.0 59.0 56.0 61.0 33.14 473.02 6.0 8.46 522.85 
8675 2.0 94.0 90.0 90.0 330.31 517.0 6.0 331.21 545.82 
8676 2.0 19.0 50.0 80.0 332.3 312.75 6.0 325.23 335.82 
8677 2.0 149.0 154.0 178.0 332.4 238.92 6.0 318.6 259.06 
8678 2.0 39.0 112.0 165.0 333.99 189.63 6.0 315.82 211.7 
8679 2.0 144.0 176.0 217.0 334.65 212.36 6.0 317.53 233.82 
8680 2.0 126.0 183.0 231.0 334.66 167.43 6.0 316.61 187.96 
8681 2.0 66.0 142.0 188.0 335.34 125.26 6.0 310.03 144.73 
8682 2.0 163.0 198.0 229.0 335.51 347.89 6.0 322.7 372.68 
8683 2.0 12.0 8.0 10.0 335.56 514.59 6.0 333.87 542.74 
8684 2.0 124.0 190.0 237.0 335.71 132.46 6.0 311.39 151.31 
8685 2.0 57.0 130.0 182.0 335.96 110.39 6.0 313.64 129.27 
8686 2.0 30.0 27.0 22.0 336.02 554.11 6.0 343.69 583.32 
8687 2.0 72.0 79.0 105.0 336.64 256.91 6.0 318.23 281.66 
8688 2.0 85.0 81.0 83.0 336.7 432.83 6.0 329.65 458.96 
8689 2.0 238.0 243.0 209.0 337.79 567.03 6.0 352.13 595.28 
8690 2.0 49.0 109.0 155.0 338.11 83.63 6.0 313.36 102.7 
8691 2.0 56.0 78.0 110.0 338.13 221.07 6.0 323.32 241.91 
8692 2.0 94.0 90.0 92.0 338.5 425.39 6.0 330.53 451.22 
8693 2.0 23.0 19.0 21.0 340.63 507.01 6.0 338.64 534.53 
8694 2.0 89.0 87.0 74.0 340.76 549.51 6.0 346.11 577.78 
8695 2.0 36.0 32.0 34.0 341.31 429.04 6.0 334.08 455.16 
8696 2.0 55.0 79.0 88.0 342.02 344.46 6.0 328.06 369.01 
8697 2.0 75.0 109.0 146.0 342.71 217.22 6.0 328.19 236.68 
8698 2.0 129.0 177.0 228.0 343.07 66.14 6.0 315.79 83.87 
8699 2.0 44.0 44.0 29.0 343.3 551.93 6.0 349.0 580.24 
8700 2.0 132.0 132.0 130.0 343.85 371.05 6.0 337.43 394.78 
8701 2.0 108.0 172.0 227.0 347.86 158.31 6.0 329.38 177.9 
8702 2.0 135.0 209.0 255.0 353.08 335.76 6.0 343.11 358.06 
8703 2.0 88.0 190.0 239.0 353.42 329.73 6.0 343.9 351.12 
8704 2.0 32.0 58.0 94.0 355.37 226.69 6.0 341.49 246.49 
8705 2.0 120.0 118.0 103.0 355.92 547.29 6.0 360.95 574.58 
8706 2.0 99.0 191.0 239.0 359.3 328.78 6.0 351.66 355.69 
8707 2.0 119.0 182.0 234.0 363.18 131.86 6.0 341.16 150.62 
8708 2.0 79.0 133.0 190.0 363.54 135.09 6.0 343.98 152.35 
8709 2.0 29.0 33.0 4.0 363.61 553.26 6.0 373.23 579.14 
8710 2.0 120.0 192.0 242.0 364.04 112.06 6.0 342.34 129.38 
8711 2.0 28.0 25.0 28.0 367.41 454.58 6.0 344.81 478.95 
8712 2.0 109.0 180.0 233.0 368.39 109.13 6.0 345.29 126.16 
8713 2.0 96.0 107.0 133.0 368.6 267.62 6.0 356.53 288.69 
8714 2.0 102.0 191.0 228.0 369.28 336.89 6.0 358.8 360.24 
8715 2.0 37.0 34.0 39.0 369.45 435.29 6.0 362.78 459.55 
8716 2.0 116.0 189.0 235.0 371.89 188.62 6.0 354.1 207.8 
8717 2.0 66.0 63.0 66.0 372.69 513.89 6.0 370.95 539.41 
8718 2.0 61.0 52.0 57.0 373.26 362.39 6.0 363.6 386.35 
8719 2.0 37.0 34.0 39.0 373.89 440.16 6.0 368.52 464.12 
8720 2.0 65.0 54.0 44.0 373.92 604.55 6.0 405.92 631.83 
8721 2.0 66.0 67.0 45.0 374.54 551.83 6.0 382.76 577.78 
8722 2.0 45.0 40.0 44.0 375.59 429.75 6.0 369.57 453.59 
8723 2.0 64.0 121.0 173.0 376.53 108.2 6.0 354.56 125.39 
8724 2.0 24.0 20.0 22.0 378.15 514.08 6.0 377.35 538.77 
8725 2.0 60.0 114.0 167.0 379.42 113.51 6.0 357.48 130.0 
8726 2.0 11.0 7.0 9.0 379.8 515.46 6.0 379.77 540.53 
8727 2.0 134.0 187.0 238.0 380.43 110.28 6.0 358.83 126.16 
8728 2.0 134.0 187.0 241.0 383.22 128.24 6.0 362.84 144.83 
8729 2.0 130.0 182.0 229.0 385.01 162.27 6.0 365.05 181.04 
8730 2.0 131.0 167.0 205.0 385.12 214.97 6.0 368.4 234.06 
8731 2.0 101.0 188.0 215.0 385.6 347.21 6.0 373.52 369.5 
8732 2.0 125.0 179.0 229.0 385.83 128.41 6.0 365.94 144.2 
8733 2.0 27.0 23.0 25.0 385.98 435.47 6.0 380.18 459.13 
8734 2.0 28.0 29.0 2.0 386.74 550.52 6.0 392.22 575.88 
8735 2.0 61.0 108.0 150.0 389.08 209.74 6.0 372.3 228.49 
8736 2.0 41.0 96.0 144.0 389.19 215.63 6.0 372.91 234.8 
8737 2.0 80.0 80.0 100.0 390.2 401.07 6.0 381.51 422.62 
8738 2.0 61.0 113.0 162.0 392.24 206.22 6.0 375.43 224.89 
8739 2.0 14.0 21.0 0.0 392.39 565.71 6.0 421.77 590.65 
8740 2.0 172.0 161.0 151.0 392.51 603.12 6.0 425.8 629.34 
8741 2.0 121.0 187.0 243.0 393.24 136.11 6.0 373.01 152.14 
8742 2.0 50.0 104.0 157.0 394.77 207.79 6.0 379.09 226.0 
8743 2.0 232.0 239.0 205.0 395.04 568.45 6.0 425.26 592.1 
8744 2.0 33.0 101.0 155.0 395.13 132.5 6.0 375.39 148.53 
8745 2.0 125.0 188.0 239.0 396.43 128.69 6.0 377.28 144.27 
8746 2.0 119.0 190.0 243.0 397.03 210.55 6.0 380.78 229.87 
8747 2.0 160.0 151.0 140.0 397.06 596.21 6.0 430.34 622.22 
8748 2.0 141.0 180.0 229.0 397.48 320.17 6.0 386.35 341.37 
8749 2.0 77.0 182.0 220.0 40.3 67.54 6.0 5.52 99.6 
8750 2.0 23.0 16.0 11.0 400.3 591.26 6.0 432.71 616.18 
8751 2.0 78.0 178.0 221.0 400.58 335.71 6.0 385.28 359.52 
8752 2.0 135.0 160.0 192.0 402.34 295.0 6.0 389.32 314.84 
8753 2.0 38.0 96.0 150.0 403.47 131.2 6.0 384.9 147.03 
8754 2.0 23.0 65.0 118.0 403.55 196.44 6.0 386.59 213.84 
8755 2.0 45.0 42.0 30.0 403.89 592.96 6.0 436.32 617.79 
8756 2.0 118.0 172.0 228.0 404.54 107.16 6.0 384.57 121.98 
8757 2.0 45.0 36.0 41.0 405.51 368.49 6.0 406.45 391.75 
8758 2.0 37.0 28.0 33.0 405.52 542.07 6.0 429.0 566.03 
8759 2.0 125.0 170.0 221.0 405.6 280.46 6.0 390.09 299.73 
8760 2.0 79.0 145.0 195.0 405.77 225.45 6.0 389.01 243.73 
8761 2.0 34.0 24.0 34.0 406.86 398.23 6.0 399.23 419.79 
8762 2.0 216.0 206.0 202.0 407.86 548.39 6.0 429.8 570.88 
8763 2.0 122.0 177.0 231.0 408.04 150.2 6.0 388.79 167.94 
8764 2.0 94.0 89.0 95.0 408.72 426.01 6.0 401.97 448.06 
8765 2.0 60.0 76.0 118.0 408.81 256.24 6.0 394.32 273.79 
8766 2.0 99.0 93.0 102.0 408.92 403.23 6.0 400.82 424.08 
8767 2.0 76.0 66.0 52.0 412.81 606.24 6.0 448.46 630.6 
8768 2.0 132.0 156.0 202.0 412.96 259.4 6.0 398.12 277.65 
8769 2.0 110.0 107.0 88.0 413.69 572.42 6.0 410.56 591.69 
8770 2.0 41.0 43.0 45.0 415.55 354.6 6.0 403.46 374.65 
8771 2.0 75.0 121.0 166.0 418.13 248.43 6.0 404.54 266.56 
8772 2.0 138.0 167.0 210.0 418.16 254.69 6.0 404.71 272.44 
8773 2.0 119.0 104.0 95.0 419.09 701.34 6.0 511.98 736.83 
8774 2.0 150.0 141.0 138.0 420.45 492.0 6.0 438.57 512.08 
8775 2.0 88.0 121.0 166.0 420.88 263.96 6.0 407.95 281.64 
8776 2.0 30.0 39.0 64.0 422.42 338.45 6.0 407.8 359.02 
8777 2.0 65.0 89.0 124.0 423.59 167.4 6.0 406.11 183.41 
8778 2.0 130.0 115.0 104.0 426.59 716.23 6.0 518.4 748.59 
8779 2.0 50.0 96.0 152.0 427.13 227.04 6.0 411.25 244.06 
8780 2.0 84.0 75.0 62.0 429.15 605.28 6.0 467.0 628.28 
8781 2.0 94.0 80.0 67.0 429.4 786.98 6.0 559.2 829.22 
8782 2.0 139.0 184.0 235.0 430.42 190.14 6.0 413.18 206.03 
8783 2.0 131.0 120.0 106.0 430.77 618.45 6.0 470.46 641.78 
8784 2.0 172.0 162.0 157.0 431.08 353.06 6.0 439.26 368.78 
8785 2.0 141.0 130.0 114.0 431.23 505.23 6.0 458.89 523.47 
8786 2.0 150.0 140.0 139.0 432.02 363.23 6.0 440.73 379.69 
8787 2.0 87.0 81.0 69.0 438.64 601.57 6.0 473.66 624.38 
8788 2.0 128.0 207.0 250.0 44.77 221.99 6.0 15.63 262.47 
8789 2.0 209.0 198.0 184.0 440.78 619.03 6.0 483.86 642.1 
8790 2.0 129.0 113.0 101.0 445.55 715.9 6.0 559.22 754.37 
8791 2.0 166.0 149.0 125.0 447.79 549.83 6.0 475.65 567.79 
8792 2.0 132.0 191.0 227.0 448.11 128.1 6.0 438.32 139.51 
8793 2.0 156.0 147.0 139.0 448.2 354.24 6.0 451.69 372.03 
8794 2.0 119.0 188.0 220.0 449.84 117.24 6.0 439.05 129.49 
8795 2.0 12.0 55.0 84.0 450.76 124.24 6.0 440.53 135.39 
8796 2.0 127.0 109.0 84.0 451.72 570.85 6.0 468.87 588.56 
8797 2.0 157.0 136.0 119.0 455.3 396.33 6.0 470.51 413.56 
8798 2.0 169.0 150.0 135.0 457.24 756.84 6.0 572.89 790.92 
8799 2.0 118.0 180.0 224.0 459.53 33.49 6.0 442.33 43.11 
8800 2.0 96.0 132.0 153.0 459.73 54.34 6.0 444.96 64.07 
8801 2.0 125.0 190.0 230.0 460.48 23.23 6.0 442.3 33.98 
8802 2.0 87.0 114.0 128.0 461.42 39.23 6.0 445.81 49.32 
8803 2.0 91.0 118.0 137.0 461.57 38.92 6.0 445.81 49.32 
8804 2.0 125.0 179.0 212.0 468.98 12.22 6.0 452.77 20.92 
8805 2.0 180.0 168.0 156.0 472.18 177.84 6.0 469.23 188.01 
8806 2.0 187.0 173.0 156.0 474.92 332.01 6.0 483.53 345.34 
8807 2.0 130.0 115.0 105.0 475.56 743.17 6.0 586.09 774.47 
8808 2.0 45.0 26.0 15.0 475.9 634.08 6.0 527.77 655.24 
8809 2.0 144.0 126.0 116.0 476.74 288.1 6.0 484.65 299.59 
8810 2.0 144.0 133.0 125.0 478.22 46.79 6.0 464.72 55.22 
8811 2.0 173.0 154.0 143.0 478.66 632.13 6.0 531.43 652.73 
8812 2.0 134.0 118.0 99.0 478.76 464.85 6.0 502.23 479.44 
8813 2.0 157.0 139.0 127.0 479.07 628.01 6.0 528.44 645.42 
8814 2.0 225.0 210.0 199.0 479.94 290.32 6.0 487.82 301.37 
8815 2.0 140.0 128.0 116.0 481.17 243.18 6.0 485.87 253.22 
8816 2.0 155.0 143.0 131.0 481.77 239.93 6.0 485.77 249.17 
8817 2.0 213.0 203.0 188.0 482.13 440.56 6.0 504.06 454.08 
8818 2.0 163.0 144.0 126.0 483.3 683.85 6.0 559.51 707.44 
8819 2.0 31.0 20.0 6.0 484.19 381.63 6.0 500.97 394.11 
8820 2.0 197.0 179.0 159.0 485.03 363.07 6.0 499.62 375.35 
8821 2.0 39.0 23.0 6.0 485.31 366.69 6.0 501.78 378.98 
8822 2.0 93.0 83.0 75.0 489.7 213.46 6.0 491.67 222.65 
8823 2.0 122.0 236.0 255.0 49.92 282.39 6.0 26.25 324.22 
8824 2.0 54.0 40.0 28.0 490.74 327.19 6.0 492.22 343.63 
8825 2.0 139.0 128.0 118.0 490.86 121.98 6.0 485.96 129.61 
8826 2.0 64.0 58.0 48.0 490.86 456.44 6.0 514.78 469.16 
8827 2.0 75.0 69.0 62.0 491.34 455.01 6.0 514.78 469.16 
8828 2.0 205.0 194.0 185.0 491.87 161.64 6.0 489.97 169.94 
8829 2.0 141.0 122.0 101.0 491.98 654.13 6.0 561.16 675.45 
8830 2.0 77.0 70.0 71.0 492.78 88.39 6.0 484.67 95.45 
8831 2.0 25.0 24.0 26.0 493.04 402.75 6.0 512.3 414.2 
8832 2.0 28.0 26.0 27.0 493.91 390.2 6.0 511.94 402.2 
8833 2.0 93.0 86.0 79.0 494.21 155.91 6.0 491.66 164.58 
8834 2.0 153.0 134.0 114.0 494.39 658.61 6.0 561.16 675.45 
8835 2.0 201.0 198.0 203.0 494.92 93.93 6.0 487.54 101.23 
8836 2.0 199.0 196.0 198.0 496.39 87.77 6.0 488.41 95.02 
8837 2.0 153.0 142.0 134.0 497.26 41.27 6.0 485.39 47.7 
8838 2.0 17.0 18.0 22.0 497.45 391.86 6.0 515.72 404.25 
8839 2.0 130.0 121.0 112.0 497.55 161.31 6.0 494.78 169.86 
8840 2.0 174.0 177.0 185.0 497.73 284.11 6.0 505.96 292.95 
8841 2.0 92.0 93.0 97.0 497.83 394.89 6.0 516.48 407.04 
8842 2.0 163.0 144.0 126.0 498.35 661.83 6.0 567.22 682.23 
8843 2.0 38.0 27.0 13.0 498.55 532.65 6.0 530.39 548.67 
8844 2.0 70.0 67.0 72.0 499.34 87.12 6.0 491.67 94.2 
8845 2.0 80.0 81.0 85.0 499.45 399.71 6.0 518.54 411.12 
8846 2.0 128.0 190.0 230.0 50.58 154.14 6.0 18.52 190.94 
8847 2.0 80.0 172.0 212.0 50.66 286.52 6.0 26.74 328.0 
8848 2.0 140.0 221.0 253.0 50.93 290.32 6.0 25.76 331.61 
8849 2.0 159.0 179.0 208.0 500.7 237.96 6.0 505.47 248.51 
8850 2.0 217.0 208.0 199.0 500.75 47.56 6.0 489.7 54.21 
8851 2.0 29.0 25.0 25.0 500.99 375.51 6.0 518.21 386.73 
8852 2.0 176.0 201.0 228.0 501.33 227.65 6.0 504.33 236.88 
8853 2.0 133.0 129.0 109.0 504.99 289.24 6.0 505.72 301.06 
8854 2.0 41.0 39.0 36.0 505.73 456.06 6.0 568.04 460.04 
8855 2.0 89.0 78.0 73.0 505.77 531.67 6.0 537.44 547.15 
8856 2.0 173.0 163.0 158.0 505.83 42.61 6.0 495.02 48.58 
8857 2.0 26.0 24.0 21.0 506.37 456.12 6.0 531.11 470.03 
8858 2.0 135.0 164.0 190.0 508.68 230.48 6.0 513.88 238.65 
8859 2.0 139.0 132.0 120.0 509.63 762.77 6.0 631.53 792.58 
8860 2.0 78.0 79.0 83.0 509.73 430.04 6.0 532.95 445.05 
8861 2.0 155.0 170.0 174.0 509.97 278.51 6.0 520.24 285.99 
8862 2.0 83.0 80.0 72.0 510.08 198.05 6.0 513.93 204.9 
8863 2.0 174.0 169.0 165.0 510.11 38.69 6.0 498.07 46.03 
8864 2.0 181.0 168.0 146.0 510.74 524.83 6.0 544.42 539.79 
8865 2.0 167.0 204.0 231.0 511.16 218.04 6.0 517.37 223.81 
8866 2.0 119.0 127.0 116.0 512.33 566.63 6.0 548.3 581.08 
8867 2.0 250.0 246.0 230.0 512.63 462.15 6.0 540.49 474.27 
8868 2.0 61.0 62.0 60.0 512.98 442.92 6.0 538.57 457.49 
8869 2.0 122.0 143.0 160.0 514.44 133.88 6.0 511.26 139.1 
8870 2.0 175.0 197.0 202.0 514.51 227.08 6.0 520.89 233.77 
8871 2.0 29.0 25.0 27.0 516.32 392.06 6.0 538.26 401.89 
8872 2.0 166.0 156.0 133.0 516.36 525.09 6.0 550.95 539.02 
8873 2.0 19.0 10.0 0.0 516.5 529.82 6.0 550.49 545.33 
8874 2.0 89.0 84.0 68.0 517.18 459.21 6.0 545.45 470.48 
8875 2.0 19.0 12.0 13.0 517.22 370.09 6.0 537.0 379.21 
8876 2.0 243.0 250.0 250.0 517.26 25.46 6.0 504.98 32.3 
8877 2.0 48.0 42.0 40.0 517.67 365.06 6.0 537.32 374.09 
8878 2.0 90.0 84.0 74.0 518.55 192.71 6.0 521.41 199.17 
8879 2.0 147.0 140.0 142.0 518.59 388.88 6.0 539.98 398.53 
8880 2.0 127.0 124.0 127.0 519.33 401.26 6.0 542.12 415.57 
8881 2.0 204.0 216.0 216.0 519.46 135.86 6.0 517.19 141.24 
8882 2.0 169.0 251.0 255.0 52.31 328.48 6.0 23.01 373.2 
8883 2.0 8.0 7.0 20.0 52.57 451.66 6.0 31.27 499.38 
8884 2.0 113.0 106.0 109.0 520.73 364.25 6.0 540.37 372.91 
8885 2.0 232.0 223.0 206.0 521.15 461.78 6.0 546.16 474.52 
8886 2.0 62.0 68.0 77.0 521.6 221.53 6.0 527.58 226.32 
8887 2.0 109.0 89.0 74.0 521.81 664.85 6.0 592.76 683.81 
8888 2.0 44.0 38.0 23.0 522.24 457.06 6.0 550.12 468.28 
8889 2.0 218.0 214.0 198.0 522.84 777.47 6.0 655.09 807.86 
8890 2.0 172.0 153.0 135.0 523.75 681.81 6.0 600.8 702.15 
8891 2.0 38.0 44.0 59.0 524.4 210.94 6.0 529.34 218.44 
8892 2.0 45.0 36.0 22.0 524.57 578.02 6.0 571.28 593.13 
8893 2.0 88.0 94.0 94.0 524.69 130.12 6.0 522.74 136.35 
8894 2.0 121.0 100.0 90.0 524.91 609.77 6.0 589.28 626.08 
8895 2.0 206.0 190.0 178.0 524.96 653.05 6.0 592.9 671.96 
8896 2.0 124.0 122.0 110.0 525.39 771.88 6.0 655.28 801.56 
8897 2.0 229.0 225.0 216.0 525.47 767.61 6.0 654.98 797.98 
8898 2.0 47.0 40.0 41.0 526.11 379.33 6.0 547.0 388.18 
8899 2.0 81.0 77.0 78.0 526.84 448.04 6.0 553.59 460.6 
8900 2.0 213.0 236.0 254.0 527.87 243.98 6.0 536.43 249.58 
8901 2.0 179.0 197.0 220.0 528.38 210.05 6.0 533.34 216.87 
8902 2.0 176.0 189.0 212.0 528.63 200.92 6.0 532.75 206.93 
8903 2.0 251.0 242.0 231.0 528.71 458.09 6.0 521.67 476.81 
8904 2.0 178.0 195.0 218.0 528.83 201.08 6.0 533.12 207.15 
8905 2.0 150.0 177.0 206.0 529.37 221.88 6.0 536.31 228.89 
8906 2.0 150.0 177.0 206.0 529.56 221.77 6.0 536.31 228.89 
8907 2.0 216.0 210.0 196.0 529.67 776.11 6.0 655.09 807.86 
8908 2.0 161.0 143.0 123.0 529.91 675.69 6.0 606.41 695.07 
8909 2.0 64.0 60.0 69.0 53.58 479.73 6.0 34.33 526.75 
8910 2.0 22.0 34.0 59.0 531.12 194.25 6.0 535.25 200.01 
8911 2.0 22.0 34.0 59.0 531.14 194.27 6.0 535.42 200.02 
8912 2.0 164.0 154.0 139.0 531.21 647.78 6.0 558.36 659.77 
8913 2.0 211.0 241.0 252.0 531.22 238.62 6.0 539.43 244.96 
8914 2.0 158.0 166.0 153.0 531.87 18.4 6.0 519.37 24.66 
8915 2.0 159.0 191.0 220.0 531.98 203.52 6.0 536.81 209.87 
8916 2.0 179.0 214.0 237.0 532.95 208.57 6.0 539.64 213.66 
8917 2.0 58.0 48.0 35.0 534.45 643.4 6.0 601.67 660.08 
8918 2.0 207.0 201.0 187.0 535.2 770.85 6.0 671.38 800.17 
8919 2.0 150.0 178.0 197.0 535.59 259.23 6.0 545.72 265.76 
8920 2.0 236.0 237.0 243.0 535.62 121.46 6.0 532.52 128.28 
8921 2.0 152.0 153.0 143.0 535.94 128.39 6.0 534.0 134.07 
8922 2.0 44.0 44.0 50.0 536.82 385.44 6.0 559.92 393.86 
8923 2.0 48.0 46.0 48.0 538.88 449.91 6.0 568.04 460.04 
8924 2.0 115.0 96.0 75.0 539.09 667.9 6.0 610.75 685.98 
8925 2.0 17.0 16.0 29.0 54.75 440.48 6.0 32.22 486.92 
8926 2.0 249.0 252.0 245.0 540.37 120.07 6.0 538.28 124.61 
8927 2.0 22.0 18.0 18.0 540.54 361.48 6.0 567.36 366.59 
8928 2.0 223.0 217.0 202.0 540.84 771.99 6.0 671.38 800.17 
8929 2.0 207.0 236.0 249.0 540.95 236.62 6.0 551.88 240.63 
8930 2.0 168.0 190.0 197.0 542.23 249.49 6.0 554.34 253.29 
8931 2.0 20.0 21.0 25.0 542.25 384.09 6.0 565.94 391.6 
8932 2.0 50.0 39.0 35.0 543.93 351.43 6.0 567.47 356.2 
8933 2.0 159.0 185.0 196.0 543.98 213.22 6.0 552.39 217.74 
8934 2.0 96.0 92.0 74.0 544.29 174.25 6.0 550.32 177.24 
8935 2.0 131.0 125.0 111.0 545.33 265.31 6.0 558.96 270.28 
8936 2.0 176.0 184.0 208.0 545.49 191.2 6.0 552.22 195.48 
8937 2.0 254.0 250.0 244.0 546.5 456.54 6.0 578.39 465.93 
8938 2.0 177.0 177.0 167.0 547.55 259.96 6.0 561.28 264.86 
8939 2.0 193.0 189.0 176.0 548.55 175.39 6.0 554.15 179.07 
8940 2.0 89.0 87.0 86.0 549.36 361.42 6.0 573.59 366.82 
8941 2.0 62.0 60.0 59.0 549.83 360.86 6.0 573.59 366.82 
8942 2.0 209.0 202.0 195.0 550.39 450.45 6.0 582.0 458.67 
8943 2.0 82.0 88.0 79.0 550.53 250.04 6.0 562.66 256.27 
8944 2.0 28.0 27.0 30.0 550.96 381.34 6.0 575.64 388.59 
8945 2.0 58.0 56.0 57.0 551.15 374.72 6.0 575.9 381.46 
8946 2.0 101.0 90.0 78.0 551.74 297.79 6.0 570.2 302.34 
8947 2.0 10.0 8.0 5.0 551.89 357.54 6.0 575.11 363.91 
8948 2.0 52.0 44.0 26.0 552.8 339.22 6.0 574.82 345.71 
8949 2.0 156.0 145.0 133.0 552.88 451.72 6.0 584.84 460.11 
8950 2.0 59.0 65.0 70.0 554.03 187.23 6.0 560.8 190.57 
8951 2.0 196.0 192.0 184.0 554.65 378.19 6.0 579.84 383.97 
8952 2.0 172.0 167.0 162.0 554.86 359.18 6.0 578.41 365.62 
8953 2.0 191.0 180.0 164.0 555.06 334.98 6.0 577.21 340.54 
8954 2.0 185.0 183.0 184.0 555.3 254.96 6.0 567.31 260.58 
8955 2.0 39.0 33.0 18.0 555.45 648.67 6.0 619.96 663.81 
8956 2.0 179.0 170.0 165.0 555.82 349.56 6.0 578.72 355.5 
8957 2.0 131.0 155.0 168.0 558.78 197.82 6.0 566.57 202.01 
8958 2.0 165.0 155.0 147.0 558.78 349.75 6.0 582.79 354.8 
8959 2.0 217.0 206.0 198.0 559.29 359.04 6.0 583.61 364.63 
8960 2.0 217.0 205.0 192.0 559.39 655.14 6.0 625.1 670.57 
8961 2.0 70.0 67.0 80.0 56.45 457.91 6.0 35.74 505.74 
8962 2.0 84.0 179.0 199.0 56.62 327.69 6.0 26.16 371.24 
8963 2.0 49.0 44.0 60.0 56.69 353.42 6.0 31.17 397.6 
8964 2.0 67.0 128.0 179.0 56.77 80.64 6.0 22.33 112.43 
8965 2.0 69.0 58.0 42.0 560.26 337.49 6.0 582.61 342.24 
8966 2.0 74.0 63.0 51.0 560.38 344.01 6.0 583.64 349.93 
8967 2.0 220.0 240.0 254.0 560.83 223.74 6.0 570.92 227.0 
8968 2.0 55.0 44.0 32.0 561.47 345.47 6.0 584.69 351.0 
8969 2.0 44.0 29.0 10.0 561.56 664.47 6.0 632.26 680.71 
8970 2.0 35.0 24.0 14.0 561.67 354.0 6.0 585.51 359.55 
8971 2.0 180.0 170.0 156.0 563.48 348.09 6.0 587.68 353.43 
8972 2.0 147.0 135.0 123.0 563.85 149.84 6.0 569.15 151.85 
8973 2.0 178.0 201.0 220.0 563.85 182.38 6.0 571.97 185.18 
8974 2.0 156.0 141.0 130.0 565.26 357.91 6.0 589.62 363.46 
8975 2.0 204.0 191.0 171.0 567.0 764.23 6.0 692.51 788.42 
8976 2.0 72.0 96.0 112.0 567.21 244.24 6.0 580.34 247.56 
8977 2.0 34.0 22.0 10.0 567.47 654.55 6.0 634.27 669.23 
8978 2.0 179.0 196.0 191.0 569.35 247.56 6.0 582.78 251.34 
8979 2.0 181.0 161.0 143.0 569.62 382.7 6.0 597.66 388.42 
8980 2.0 81.0 156.0 197.0 57.6 290.96 6.0 35.18 331.73 
8981 2.0 155.0 144.0 128.0 572.88 636.61 6.0 628.29 650.15 
8982 2.0 76.0 66.0 50.0 575.51 652.84 6.0 640.42 667.09 
8983 2.0 189.0 212.0 239.0 578.13 173.4 6.0 587.73 174.29 
8984 2.0 83.0 84.0 81.0 579.88 159.78 6.0 587.99 160.25 
8985 2.0 162.0 142.0 140.0 580.77 295.08 6.0 603.18 297.18 
8986 2.0 111.0 106.0 92.0 580.85 147.55 6.0 588.91 147.11 
8987 2.0 255.0 254.0 255.0 582.21 70.95 6.0 548.05 85.84 
8988 2.0 143.0 135.0 118.0 583.83 490.44 6.0 628.34 497.06 
8989 2.0 148.0 137.0 129.0 585.26 291.18 6.0 599.31 297.13 
8990 2.0 125.0 123.0 113.0 586.46 189.92 6.0 598.25 190.2 
8991 2.0 104.0 105.0 121.0 587.33 13.92 6.0 582.79 12.87 
8992 2.0 178.0 168.0 154.0 589.86 187.62 6.0 702.84 146.58 
8993 2.0 66.0 65.0 78.0 59.25 445.87 6.0 37.88 495.02 
8994 2.0 60.0 62.0 71.0 6.84 662.86 6.0 20.47 727.94 
8995 2.0 48.0 112.0 161.0 60.24 84.16 6.0 26.3 115.8 
8996 2.0 20.0 13.0 1.0 601.69 687.48 6.0 686.55 701.0 
8997 2.0 176.0 157.0 142.0 601.86 249.34 6.0 621.5 250.45 
8998 2.0 182.0 168.0 150.0 602.18 270.96 6.0 621.55 273.2 
8999 2.0 11.0 5.0 0.0 605.57 685.03 6.0 689.71 698.15 
9000 2.0 130.0 122.0 105.0 605.87 489.07 6.0 648.51 494.13 
9001 2.0 137.0 127.0 112.0 606.42 689.53 6.0 692.46 702.66 
9002 2.0 164.0 250.0 255.0 61.1 336.44 6.0 31.33 379.75 
9003 2.0 164.0 250.0 255.0 61.27 336.23 6.0 31.33 379.75 
9004 2.0 145.0 137.0 122.0 613.46 681.43 6.0 695.31 694.46 
9005 2.0 164.0 145.0 127.0 614.33 721.23 6.0 716.35 736.63 
9006 2.0 222.0 212.0 206.0 615.65 667.16 6.0 696.6 677.67 
9007 2.0 76.0 59.0 42.0 617.28 613.81 6.0 695.39 622.57 
9008 2.0 123.0 102.0 85.0 619.09 748.81 6.0 735.92 766.91 
9009 2.0 38.0 20.0 5.0 620.55 614.02 6.0 698.72 622.71 
9010 2.0 164.0 153.0 146.0 621.52 678.22 6.0 703.05 689.84 
9011 2.0 145.0 138.0 123.0 622.69 641.77 6.0 702.02 650.74 
9012 2.0 48.0 37.0 25.0 624.29 679.04 6.0 706.82 690.05 
9013 2.0 154.0 138.0 122.0 625.4 690.26 6.0 712.72 702.48 
9014 2.0 151.0 137.0 124.0 626.29 684.6 6.0 707.71 696.77 
9015 2.0 152.0 141.0 129.0 627.45 678.01 6.0 710.5 688.65 
9016 2.0 69.0 124.0 170.0 63.03 202.07 6.0 36.46 238.01 
9017 2.0 109.0 93.0 55.0 633.76 592.25 6.0 690.63 599.2 
9018 2.0 122.0 108.0 55.0 634.43 537.84 6.0 882.24 537.28 
9019 2.0 201.0 182.0 171.0 636.2 213.82 6.0 656.11 210.68 
9020 2.0 191.0 172.0 158.0 636.82 231.84 6.0 652.85 234.36 
9021 2.0 201.0 182.0 171.0 637.46 223.57 6.0 658.48 220.78 
9022 2.0 110.0 89.0 69.0 637.64 492.02 6.0 685.39 495.19 
9023 2.0 196.0 182.0 168.0 637.8 685.51 6.0 722.82 695.93 
9024 2.0 120.0 169.0 218.0 64.14 260.74 6.0 38.32 300.35 
9025 2.0 109.0 219.0 254.0 64.32 177.18 6.0 37.29 214.09 
9026 2.0 162.0 151.0 137.0 640.52 678.92 6.0 722.95 689.13 
9027 2.0 162.0 151.0 137.0 640.63 678.94 6.0 722.95 689.13 
9028 2.0 141.0 125.0 122.0 641.34 265.74 6.0 666.88 263.12 
9029 2.0 144.0 124.0 101.0 642.44 487.86 6.0 689.88 490.3 
9030 2.0 139.0 125.0 112.0 643.07 665.98 6.0 720.07 675.61 
9031 2.0 29.0 15.0 5.0 646.47 664.41 6.0 721.6 672.71 
9032 2.0 189.0 170.0 157.0 647.21 181.61 6.0 665.09 177.45 
9033 2.0 176.0 161.0 140.0 649.41 484.64 6.0 697.89 486.44 
9034 2.0 136.0 120.0 106.0 649.54 160.6 6.0 665.58 155.51 
9035 2.0 85.0 74.0 60.0 649.78 682.05 6.0 733.82 691.18 
9036 2.0 237.0 228.0 205.0 649.9 477.4 6.0 698.02 478.87 
9037 2.0 98.0 80.0 62.0 649.95 468.52 6.0 696.26 470.06 
9038 2.0 178.0 160.0 142.0 650.64 220.1 6.0 672.4 216.44 
9039 2.0 187.0 168.0 155.0 650.87 201.28 6.0 671.34 196.88 
9040 2.0 219.0 204.0 185.0 651.77 471.21 6.0 699.75 472.18 
9041 2.0 134.0 115.0 97.0 651.79 243.73 6.0 676.44 240.63 
9042 2.0 105.0 99.0 88.0 653.63 628.46 6.0 727.41 635.72 
9043 2.0 105.0 99.0 88.0 653.66 628.41 6.0 727.41 635.72 
9044 2.0 137.0 118.0 107.0 655.01 186.26 6.0 673.7 181.19 
9045 2.0 156.0 139.0 129.0 655.22 697.1 6.0 746.48 706.0 
9046 2.0 158.0 146.0 141.0 656.15 259.87 6.0 682.86 256.38 
9047 2.0 146.0 136.0 118.0 656.34 667.3 6.0 733.01 674.92 
9048 2.0 56.0 41.0 33.0 656.73 692.46 6.0 745.61 702.27 
9049 2.0 174.0 157.0 142.0 656.82 239.32 6.0 681.59 235.67 
9050 2.0 175.0 159.0 147.0 657.46 222.48 6.0 680.28 217.98 
9051 2.0 171.0 155.0 141.0 657.89 244.79 6.0 682.97 241.29 
9052 2.0 135.0 124.0 122.0 658.92 267.22 6.0 687.94 263.39 
9053 2.0 127.0 230.0 255.0 66.41 165.19 6.0 35.91 200.43 
9054 2.0 57.0 54.0 59.0 66.73 382.78 6.0 41.39 427.25 
9055 2.0 168.0 155.0 148.0 660.24 687.08 6.0 746.76 696.49 
9056 2.0 167.0 166.0 167.0 660.44 403.94 6.0 702.28 402.75 
9057 2.0 173.0 153.0 148.0 660.84 460.49 6.0 708.22 460.94 
9058 2.0 94.0 84.0 63.0 661.42 679.61 6.0 744.09 687.69 
9059 2.0 189.0 189.0 185.0 661.96 382.57 6.0 702.49 380.93 
9060 2.0 65.0 48.0 49.0 662.18 546.75 6.0 718.73 552.14 
9061 2.0 55.0 44.0 44.0 662.46 519.04 6.0 716.18 519.53 
9062 2.0 42.0 31.0 19.0 662.9 485.74 6.0 713.76 486.83 
9063 2.0 51.0 31.0 22.0 663.21 467.7 6.0 711.77 467.74 
9064 2.0 204.0 200.0 200.0 663.71 218.0 6.0 688.23 213.34 
9065 2.0 188.0 185.0 180.0 663.76 242.07 6.0 690.3 237.3 
9066 2.0 61.0 58.0 64.0 664.59 379.7 6.0 704.73 377.65 
9067 2.0 76.0 74.0 81.0 665.82 287.51 6.0 696.98 279.4 
9068 2.0 162.0 147.0 136.0 665.88 543.49 6.0 721.9 545.67 
9069 2.0 255.0 248.0 246.0 666.02 70.6 6.0 676.76 63.77 
9070 2.0 188.0 174.0 157.0 666.15 539.59 6.0 721.98 541.85 
9071 2.0 191.0 187.0 164.0 667.08 483.17 6.0 717.37 483.59 
9072 2.0 46.0 42.0 40.0 667.09 387.77 6.0 707.97 385.27 
9073 2.0 35.0 34.0 38.0 668.65 233.9 6.0 694.7 229.76 
9074 2.0 142.0 143.0 136.0 668.94 240.97 6.0 695.11 236.56 
9075 2.0 24.0 23.0 19.0 669.88 247.84 6.0 697.14 243.15 
9076 2.0 157.0 146.0 130.0 670.66 449.07 6.0 717.74 448.51 
9077 2.0 224.0 214.0 198.0 670.88 475.28 6.0 721.32 475.06 
9078 2.0 249.0 238.0 222.0 671.39 469.0 6.0 721.18 468.53 
9079 2.0 154.0 143.0 133.0 671.69 373.12 6.0 711.61 370.26 
9080 2.0 159.0 149.0 133.0 671.92 383.1 6.0 712.53 380.91 
9081 2.0 163.0 153.0 147.0 672.38 311.44 6.0 706.67 306.82 
9082 2.0 165.0 155.0 148.0 672.55 318.77 6.0 707.01 313.55 
9083 2.0 169.0 161.0 144.0 673.06 296.32 6.0 706.02 291.82 
9084 2.0 173.0 161.0 153.0 673.65 259.69 6.0 702.82 255.65 
9085 2.0 186.0 174.0 174.0 674.11 251.21 6.0 701.66 246.57 
9086 2.0 193.0 180.0 173.0 675.62 197.05 6.0 698.68 191.63 
9087 2.0 167.0 155.0 151.0 675.9 161.45 6.0 695.55 154.47 
9088 2.0 167.0 161.0 147.0 676.22 235.52 6.0 702.75 230.44 
9089 2.0 215.0 205.0 187.0 677.0 306.62 6.0 710.74 302.5 
9090 2.0 190.0 174.0 161.0 677.35 693.51 6.0 844.43 709.3 
9091 2.0 164.0 158.0 147.0 677.87 81.79 6.0 689.02 76.13 
9092 2.0 164.0 161.0 156.0 677.96 37.71 6.0 686.03 29.99 
9093 2.0 195.0 183.0 173.0 678.01 146.65 6.0 696.58 138.18 
9094 2.0 213.0 204.0 187.0 678.52 313.85 6.0 713.83 309.53 
9095 2.0 191.0 170.0 161.0 679.28 254.54 6.0 708.35 248.96 
9096 2.0 84.0 70.0 55.0 680.41 693.14 6.0 847.6 709.08 
9097 2.0 141.0 126.0 114.0 680.42 163.48 6.0 701.1 156.94 
9098 2.0 219.0 211.0 196.0 681.91 290.95 6.0 716.04 286.12 
9099 2.0 222.0 212.0 198.0 681.93 287.16 6.0 715.65 281.65 
9100 2.0 210.0 201.0 188.0 681.98 304.31 6.0 717.02 298.84 
9101 2.0 210.0 201.0 188.0 681.99 304.51 6.0 717.02 298.84 
9102 2.0 197.0 184.0 171.0 682.59 160.82 6.0 703.46 153.92 
9103 2.0 33.0 27.0 15.0 683.13 311.14 6.0 718.04 306.19 
9104 2.0 222.0 212.0 194.0 684.04 338.04 6.0 722.23 333.39 
9105 2.0 111.0 93.0 88.0 684.53 622.29 6.0 770.94 623.32 
9106 2.0 135.0 124.0 112.0 684.77 287.94 6.0 719.09 282.72 
9107 2.0 200.0 195.0 177.0 685.22 325.7 6.0 722.51 321.03 
9108 2.0 92.0 78.0 61.0 685.63 695.06 6.0 778.49 702.62 
9109 2.0 136.0 127.0 116.0 685.82 169.25 6.0 707.8 161.12 
9110 2.0 229.0 217.0 204.0 685.87 285.18 6.0 721.08 278.47 
9111 2.0 115.0 105.0 82.0 686.15 432.65 6.0 733.74 429.91 
9112 2.0 192.0 176.0 138.0 686.6 590.35 6.0 750.14 592.76 
9113 2.0 145.0 134.0 122.0 687.74 64.35 6.0 700.5 57.63 
9114 2.0 228.0 217.0 199.0 687.84 422.79 6.0 734.09 418.45 
9115 2.0 135.0 125.0 116.0 688.07 98.42 6.0 703.22 90.79 
9116 2.0 33.0 26.0 21.0 688.34 311.78 6.0 725.26 306.29 
9117 2.0 207.0 190.0 148.0 688.68 581.24 6.0 751.68 583.34 
9118 2.0 198.0 178.0 154.0 688.75 578.64 6.0 751.43 580.47 
9119 2.0 239.0 228.0 210.0 689.19 429.94 6.0 736.95 427.38 
9120 2.0 142.0 131.0 121.0 689.46 58.68 6.0 702.93 49.8 
9121 2.0 231.0 221.0 216.0 689.84 78.99 6.0 703.61 70.2 
9122 2.0 124.0 224.0 254.0 69.67 107.66 6.0 35.78 139.44 
9123 2.0 224.0 215.0 211.0 690.06 86.12 6.0 704.99 79.73 
9124 2.0 246.0 240.0 230.0 690.39 171.66 6.0 712.94 163.92 
9125 2.0 241.0 228.0 208.0 690.5 435.47 6.0 738.87 432.91 
9126 2.0 173.0 166.0 160.0 690.94 314.24 6.0 727.75 308.89 
9127 2.0 102.0 100.0 100.0 691.11 295.58 6.0 726.03 289.67 
9128 2.0 149.0 139.0 123.0 694.99 177.06 6.0 718.55 168.47 
9129 2.0 26.0 24.0 25.0 695.22 295.76 6.0 730.16 290.09 
9130 2.0 167.0 156.0 137.0 695.36 683.49 6.0 781.78 688.97 
9131 2.0 233.0 223.0 205.0 696.33 180.24 6.0 720.79 171.8 
9132 2.0 69.0 61.0 59.0 696.85 65.65 6.0 709.84 56.49 
9133 2.0 94.0 92.0 93.0 698.38 300.57 6.0 734.1 294.99 
9134 2.0 118.0 100.0 64.0 700.32 607.15 6.0 766.42 608.86 
9135 2.0 100.0 96.0 94.0 701.09 329.76 6.0 739.65 323.77 
9136 2.0 33.0 30.0 32.0 701.26 300.21 6.0 737.17 293.71 
9137 2.0 135.0 113.0 83.0 703.38 580.93 6.0 769.2 580.8 
9138 2.0 210.0 200.0 182.0 703.42 277.7 6.0 738.02 270.86 
9139 2.0 86.0 81.0 91.0 703.91 308.7 6.0 740.42 302.0 
9140 2.0 65.0 65.0 75.0 707.17 89.93 6.0 721.68 78.8 
9141 2.0 26.0 23.0 28.0 707.43 72.37 6.0 721.02 61.95 
9142 2.0 76.0 73.0 68.0 707.89 67.64 6.0 720.62 58.4 
9143 2.0 40.0 36.0 36.0 707.92 292.87 6.0 741.41 287.27 
9144 2.0 135.0 148.0 161.0 709.89 335.08 6.0 749.02 328.46 
9145 2.0 9.0 45.0 77.0 71.15 343.19 6.0 42.17 386.0 
9146 2.0 116.0 108.0 93.0 711.33 175.35 6.0 735.96 166.45 
9147 2.0 45.0 35.0 21.0 711.37 680.63 6.0 796.55 684.83 
9148 2.0 123.0 108.0 88.0 715.18 494.46 6.0 773.12 491.27 
9149 2.0 134.0 118.0 90.0 716.27 520.42 6.0 777.21 518.25 
9150 2.0 190.0 216.0 218.0 717.64 163.45 6.0 738.39 157.1 
9151 2.0 63.0 74.0 69.0 717.82 418.19 6.0 763.17 413.47 
9152 2.0 148.0 170.0 197.0 719.17 77.99 6.0 733.99 67.48 
9153 2.0 241.0 243.0 249.0 719.62 315.25 6.0 757.92 307.84 
9154 2.0 243.0 243.0 250.0 720.31 315.03 6.0 757.92 307.84 
9155 2.0 212.0 188.0 172.0 720.37 580.23 6.0 786.93 579.46 
9156 2.0 190.0 172.0 145.0 720.67 539.98 6.0 784.3 537.59 
9157 2.0 207.0 188.0 157.0 720.95 565.5 6.0 786.35 564.33 
9158 2.0 79.0 77.0 77.0 721.84 294.49 6.0 784.76 276.08 
9159 2.0 222.0 197.0 183.0 721.92 583.35 6.0 789.11 582.42 
9160 2.0 122.0 102.0 85.0 722.95 604.6 6.0 790.69 604.72 
9161 2.0 19.0 24.0 41.0 724.62 61.12 6.0 743.21 46.84 
9162 2.0 189.0 164.0 157.0 724.88 526.69 6.0 787.39 523.68 
9163 2.0 122.0 107.0 86.0 726.58 493.4 6.0 785.45 489.63 
9164 2.0 80.0 80.0 74.0 726.81 292.6 6.0 773.08 280.78 
9165 2.0 75.0 54.0 47.0 727.23 529.1 6.0 790.73 525.66 
9166 2.0 139.0 155.0 186.0 727.8 374.62 6.0 773.59 369.42 
9167 2.0 125.0 143.0 177.0 728.01 338.72 6.0 769.6 330.92 
9168 2.0 111.0 123.0 128.0 728.73 413.01 6.0 776.47 406.79 
9169 2.0 246.0 233.0 213.0 729.51 640.52 6.0 802.55 641.68 
9170 2.0 79.0 64.0 45.0 730.63 459.16 6.0 749.11 460.71 
9171 2.0 184.0 165.0 152.0 732.36 203.37 6.0 680.28 217.98 
9172 2.0 168.0 158.0 134.0 733.01 519.69 6.0 795.96 515.54 
9173 2.0 208.0 193.0 174.0 733.36 477.21 6.0 791.43 472.4 
9174 2.0 60.0 68.0 75.0 733.76 417.69 6.0 783.37 411.61 
9175 2.0 215.0 206.0 185.0 734.27 707.54 6.0 836.82 711.12 
9176 2.0 40.0 28.0 28.0 734.96 530.14 6.0 796.45 524.86 
9177 2.0 123.0 134.0 149.0 736.5 326.76 6.0 777.44 317.8 
9178 2.0 124.0 144.0 173.0 736.87 368.8 6.0 782.24 362.58 
9179 2.0 119.0 109.0 88.0 738.44 704.4 6.0 767.08 698.52 
9180 2.0 179.0 169.0 148.0 741.17 706.31 6.0 844.43 709.3 
9181 2.0 31.0 22.0 0.0 741.23 472.02 6.0 801.72 465.92 
9182 2.0 115.0 123.0 177.0 741.78 294.59 6.0 779.47 285.51 
9183 2.0 95.0 78.0 68.0 742.55 641.0 6.0 840.08 638.93 
9184 2.0 83.0 69.0 52.0 743.61 688.46 6.0 845.83 691.27 
9185 2.0 70.0 59.0 38.0 744.13 706.61 6.0 847.6 709.08 
9186 2.0 164.0 154.0 133.0 744.53 475.43 6.0 804.44 469.45 
9187 2.0 97.0 91.0 92.0 745.11 286.4 6.0 784.76 276.08 
9188 2.0 163.0 149.0 124.0 745.26 650.61 6.0 844.08 651.87 
9189 2.0 96.0 79.0 59.0 745.29 457.64 6.0 802.35 451.22 
9190 2.0 107.0 93.0 68.0 745.31 515.16 6.0 809.3 510.31 
9191 2.0 255.0 249.0 244.0 746.85 638.75 6.0 844.98 638.45 
9192 2.0 255.0 250.0 243.0 747.32 639.02 6.0 844.98 638.45 
9193 2.0 245.0 254.0 255.0 747.99 305.89 6.0 790.23 295.57 
9194 2.0 186.0 217.0 235.0 750.01 368.07 6.0 793.68 359.03 
9195 2.0 159.0 179.0 190.0 750.9 65.9 6.0 767.46 53.97 
9196 2.0 89.0 79.0 66.0 751.2 27.6 6.0 767.27 13.28 
9197 2.0 42.0 43.0 34.0 751.66 42.33 6.0 767.85 28.72 
9198 2.0 193.0 175.0 155.0 751.94 711.72 6.0 858.19 714.0 
9199 2.0 176.0 195.0 203.0 754.85 113.74 6.0 776.96 100.94 
9200 2.0 122.0 127.0 126.0 754.88 317.39 6.0 798.15 306.89 
9201 2.0 176.0 195.0 203.0 754.92 113.64 6.0 777.24 100.65 
9202 2.0 12.0 11.0 13.0 755.38 286.15 6.0 796.4 275.06 
9203 2.0 199.0 218.0 232.0 756.31 366.16 6.0 804.44 356.97 
9204 2.0 38.0 31.0 32.0 756.46 279.42 6.0 797.09 268.43 
9205 2.0 220.0 235.0 230.0 756.87 409.09 6.0 809.39 399.84 
9206 2.0 253.0 247.0 237.0 757.06 422.78 6.0 813.95 413.61 
9207 2.0 235.0 232.0 222.0 757.36 26.66 6.0 773.38 13.28 
9208 2.0 235.0 232.0 227.0 757.51 32.26 6.0 773.66 17.58 
9209 2.0 110.0 99.0 70.0 757.68 429.47 6.0 813.96 421.0 
9210 2.0 114.0 114.0 113.0 757.88 416.87 6.0 811.9 407.84 
9211 2.0 123.0 128.0 125.0 758.42 411.54 6.0 811.62 402.14 
9212 2.0 239.0 246.0 240.0 758.47 143.75 6.0 785.82 130.55 
9213 2.0 189.0 181.0 161.0 759.59 256.16 6.0 811.81 238.74 
9214 2.0 165.0 153.0 123.0 759.61 431.52 6.0 789.39 428.82 
9215 2.0 146.0 216.0 254.0 76.39 117.82 6.0 44.3 151.24 
9216 2.0 111.0 105.0 89.0 760.48 149.31 6.0 788.88 135.94 
9217 2.0 99.0 92.0 87.0 762.03 140.42 6.0 789.5 126.95 
9218 2.0 127.0 116.0 98.0 762.97 490.97 6.0 827.22 484.16 
9219 2.0 125.0 113.0 85.0 763.13 428.8 6.0 820.03 420.21 
9220 2.0 216.0 201.0 182.0 764.51 690.13 6.0 857.81 690.1 
9221 2.0 80.0 68.0 60.0 766.0 417.75 6.0 821.53 408.42 
9222 2.0 250.0 249.0 240.0 766.91 640.66 6.0 856.68 639.0 
9223 2.0 7.0 7.0 3.0 767.22 544.56 6.0 833.65 539.01 
9224 2.0 63.0 67.0 66.0 767.27 57.56 6.0 786.45 43.01 
9225 2.0 107.0 106.0 97.0 767.85 636.47 6.0 856.54 634.71 
9226 2.0 153.0 129.0 111.0 767.95 768.53 6.0 915.29 775.17 
9227 2.0 18.0 14.0 26.0 768.12 30.86 6.0 784.41 16.23 
9228 2.0 108.0 108.0 106.0 768.13 547.37 6.0 835.39 541.99 
9229 2.0 96.0 78.0 58.0 768.59 683.42 6.0 861.49 682.45 
9230 2.0 234.0 228.0 218.0 768.72 420.32 6.0 824.66 410.85 
9231 2.0 46.0 28.0 9.0 769.15 693.25 6.0 863.64 693.16 
9232 2.0 155.0 135.0 110.0 770.33 697.54 6.0 866.75 697.65 
9233 2.0 53.0 54.0 45.0 771.48 408.0 6.0 826.53 399.21 
9234 2.0 21.0 20.0 24.0 771.53 556.97 6.0 839.58 551.21 
9235 2.0 144.0 153.0 161.0 771.98 51.9 6.0 791.2 35.81 
9236 2.0 132.0 146.0 158.0 772.58 59.68 6.0 791.93 45.36 
9237 2.0 134.0 152.0 160.0 772.64 88.79 6.0 794.44 74.4 
9238 2.0 123.0 135.0 151.0 773.52 129.78 6.0 798.99 116.73 
9239 2.0 204.0 186.0 166.0 773.6 452.23 6.0 833.38 443.33 
9240 2.0 74.0 75.0 66.0 773.95 540.52 6.0 840.14 535.16 
9241 2.0 134.0 146.0 168.0 774.19 34.23 6.0 791.14 19.75 
9242 2.0 69.0 66.0 59.0 775.11 531.03 6.0 840.34 524.46 
9243 2.0 143.0 145.0 143.0 775.34 309.16 6.0 820.39 296.96 
9244 2.0 182.0 169.0 147.0 775.45 516.17 6.0 843.09 508.54 
9245 2.0 110.0 135.0 143.0 776.1 101.47 6.0 798.49 86.77 
9246 2.0 92.0 108.0 130.0 776.2 29.56 6.0 791.9 15.55 
9247 2.0 220.0 249.0 254.0 776.59 95.24 6.0 798.76 80.56 
9248 2.0 110.0 119.0 117.0 778.76 410.62 6.0 786.73 410.55 
9249 2.0 29.0 34.0 58.0 78.24 370.05 6.0 52.7 413.75 
9250 2.0 126.0 219.0 253.0 78.65 64.45 6.0 46.24 93.87 
9251 2.0 179.0 164.0 142.0 780.79 432.36 6.0 838.87 422.48 
9252 2.0 91.0 80.0 64.0 782.63 489.46 6.0 849.94 480.58 
9253 2.0 201.0 188.0 166.0 783.27 516.94 6.0 851.7 509.25 
9254 2.0 120.0 102.0 81.0 783.99 434.79 6.0 842.72 425.15 
9255 2.0 190.0 170.0 149.0 786.19 441.47 6.0 843.68 431.42 
9256 2.0 128.0 114.0 97.0 786.53 493.96 6.0 854.31 485.05 
9257 2.0 190.0 173.0 148.0 786.62 432.5 6.0 844.89 422.39 
9258 2.0 187.0 213.0 213.0 786.71 394.42 6.0 838.08 383.63 
9259 2.0 97.0 86.0 68.0 786.89 475.1 6.0 837.12 467.74 
9260 2.0 31.0 21.0 10.0 786.94 523.89 6.0 857.48 515.35 
9261 2.0 191.0 219.0 240.0 789.46 358.12 6.0 836.75 346.6 
9262 2.0 145.0 168.0 193.0 789.86 40.63 6.0 808.26 25.19 
9263 2.0 173.0 163.0 164.0 790.73 199.19 6.0 827.01 184.44 
9264 2.0 123.0 147.0 167.0 790.76 47.17 6.0 809.56 32.44 
9265 2.0 46.0 37.0 24.0 791.03 556.91 6.0 864.31 549.47 
9266 2.0 97.0 124.0 150.0 791.05 354.86 6.0 838.81 343.07 
9267 2.0 123.0 128.0 114.0 791.26 132.98 6.0 821.76 117.09 
9268 2.0 170.0 160.0 136.0 793.43 525.2 6.0 864.07 516.81 
9269 2.0 151.0 137.0 120.0 793.78 548.78 6.0 866.65 540.73 
9270 2.0 171.0 158.0 139.0 793.85 553.87 6.0 867.55 546.01 
9271 2.0 173.0 201.0 225.0 794.06 356.89 6.0 841.98 345.76 
9272 2.0 78.0 74.0 60.0 794.71 640.74 6.0 876.77 636.09 
9273 2.0 180.0 167.0 143.0 796.1 585.93 6.0 872.34 579.13 
9274 2.0 123.0 102.0 83.0 796.87 446.76 6.0 874.46 432.81 
9275 2.0 167.0 155.0 152.0 797.14 196.75 6.0 834.71 180.99 
9276 2.0 95.0 81.0 56.0 797.19 591.1 6.0 874.91 584.39 
9277 2.0 113.0 117.0 107.0 797.27 129.72 6.0 828.57 113.14 
9278 2.0 130.0 110.0 90.0 797.27 441.96 6.0 859.45 431.01 
9279 2.0 175.0 157.0 131.0 797.76 515.77 6.0 867.99 506.42 
9280 2.0 181.0 171.0 153.0 798.07 470.09 6.0 863.73 459.9 
9281 2.0 240.0 229.0 206.0 799.23 420.81 6.0 892.13 401.61 
9282 2.0 29.0 53.0 73.0 799.67 38.24 6.0 820.68 20.88 
9283 2.0 1.0 5.0 12.0 80.64 528.23 6.0 41.65 576.26 
9284 2.0 93.0 89.0 99.0 80.7 387.45 6.0 57.77 430.98 
9285 2.0 200.0 179.0 160.0 800.02 604.02 6.0 878.48 597.57 
9286 2.0 97.0 79.0 55.0 800.24 428.21 6.0 908.75 406.35 
9287 2.0 196.0 176.0 148.0 800.43 594.27 6.0 879.44 587.43 
9288 2.0 202.0 185.0 161.0 800.52 425.33 6.0 876.73 410.44 
9289 2.0 212.0 186.0 157.0 800.95 548.64 6.0 874.74 540.26 
9290 2.0 93.0 74.0 53.0 801.4 437.15 6.0 862.97 425.57 
9291 2.0 103.0 82.0 63.0 801.74 446.17 6.0 849.25 437.81 
9292 2.0 126.0 105.0 82.0 802.27 606.18 6.0 882.25 599.68 
9293 2.0 119.0 101.0 77.0 802.71 432.57 6.0 863.7 420.85 
9294 2.0 195.0 176.0 155.0 803.7 435.28 6.0 865.41 423.41 
9295 2.0 170.0 151.0 130.0 803.81 438.37 6.0 866.21 426.69 
9296 2.0 117.0 94.0 66.0 804.3 601.4 6.0 884.3 594.61 
9297 2.0 106.0 85.0 66.0 805.49 445.65 6.0 853.15 437.19 
9298 2.0 123.0 101.0 71.0 807.25 606.84 6.0 887.88 599.85 
9299 2.0 178.0 156.0 126.0 808.02 609.74 6.0 889.21 602.66 
9300 2.0 52.0 84.0 108.0 81.7 307.05 6.0 58.75 347.21 
9301 2.0 173.0 229.0 253.0 81.76 289.39 6.0 58.28 328.85 
9302 2.0 140.0 114.0 85.0 810.24 601.92 6.0 890.52 594.41 
9303 2.0 121.0 96.0 62.0 810.37 566.28 6.0 902.85 556.98 
9304 2.0 115.0 94.0 74.0 810.66 444.89 6.0 874.46 432.81 
9305 2.0 247.0 240.0 215.0 810.94 418.46 6.0 871.37 406.17 
9306 2.0 202.0 182.0 159.0 810.97 505.1 6.0 881.28 494.74 
9307 2.0 181.0 169.0 156.0 811.44 147.19 6.0 790.53 151.15 
9308 2.0 60.0 55.0 45.0 813.23 702.85 6.0 941.78 700.38 
9309 2.0 35.0 40.0 22.0 814.09 300.54 6.0 835.96 294.43 
9310 2.0 217.0 220.0 216.0 814.4 283.65 6.0 860.8 268.1 
9311 2.0 195.0 168.0 142.0 815.6 584.6 6.0 895.88 576.1 
9312 2.0 43.0 36.0 39.0 816.29 254.28 6.0 863.71 236.9 
9313 2.0 218.0 218.0 206.0 817.04 704.74 6.0 945.77 701.62 
9314 2.0 143.0 148.0 127.0 817.41 712.5 6.0 946.3 710.23 
9315 2.0 111.0 107.0 78.0 817.97 420.12 6.0 880.74 406.76 
9316 2.0 98.0 82.0 64.0 818.03 449.2 6.0 934.16 426.98 
9317 2.0 200.0 205.0 196.0 818.33 287.24 6.0 865.51 271.19 
9318 2.0 64.0 68.0 81.0 819.75 272.52 6.0 869.22 255.05 
9319 2.0 57.0 150.0 190.0 82.21 77.57 6.0 48.99 107.41 
9320 2.0 71.0 137.0 182.0 82.27 118.37 6.0 50.85 147.87 
9321 2.0 69.0 65.0 76.0 82.74 498.02 6.0 67.05 544.23 
9322 2.0 156.0 142.0 119.0 821.88 441.89 6.0 887.02 428.84 
9323 2.0 89.0 84.0 100.0 822.17 267.71 6.0 871.87 249.56 
9324 2.0 190.0 172.0 152.0 823.21 488.72 6.0 892.96 476.51 
9325 2.0 120.0 92.0 62.0 823.48 587.15 6.0 903.94 578.31 
9326 2.0 110.0 95.0 70.0 823.58 506.29 6.0 897.11 494.72 
9327 2.0 119.0 95.0 71.0 823.6 536.9 6.0 898.86 526.07 
9328 2.0 185.0 198.0 194.0 823.69 351.13 6.0 874.23 337.95 
9329 2.0 182.0 195.0 191.0 824.14 351.39 6.0 874.23 337.95 
9330 2.0 107.0 79.0 55.0 824.22 598.08 6.0 905.74 589.35 
9331 2.0 119.0 96.0 71.0 824.45 531.82 6.0 967.21 520.48 
9332 2.0 119.0 91.0 63.0 825.37 582.15 6.0 905.87 573.08 
9333 2.0 164.0 175.0 172.0 827.57 65.54 6.0 853.97 45.35 
9334 2.0 112.0 94.0 74.0 827.84 486.33 6.0 898.92 473.7 
9335 2.0 150.0 137.0 116.0 829.04 733.15 6.0 958.07 730.19 
9336 2.0 104.0 87.0 63.0 829.43 506.25 6.0 902.68 494.25 
9337 2.0 185.0 212.0 239.0 83.01 303.69 6.0 61.53 343.9 
9338 2.0 20.0 17.0 20.0 83.22 412.42 6.0 60.7 456.26 
9339 2.0 184.0 165.0 150.0 830.37 618.57 6.0 932.21 609.89 
9340 2.0 91.0 86.0 68.0 830.45 112.3 6.0 863.27 93.01 
9341 2.0 38.0 39.0 25.0 831.48 295.92 6.0 880.77 280.07 
9342 2.0 250.0 245.0 233.0 831.72 103.3 6.0 862.42 84.76 
9343 2.0 108.0 90.0 72.0 831.86 500.91 6.0 905.86 488.58 
9344 2.0 201.0 219.0 200.0 831.99 395.67 6.0 841.92 392.58 
9345 2.0 107.0 92.0 71.0 832.14 480.84 6.0 903.62 467.85 
9346 2.0 131.0 107.0 78.0 832.57 556.52 6.0 911.46 545.83 
9347 2.0 248.0 245.0 250.0 832.59 271.65 6.0 878.75 256.04 
9348 2.0 245.0 245.0 229.0 833.15 287.47 6.0 882.45 270.73 
9349 2.0 219.0 213.0 208.0 833.42 73.74 6.0 863.0 53.54 
9350 2.0 23.0 22.0 14.0 833.51 260.27 6.0 880.56 242.22 
9351 2.0 239.0 241.0 230.0 833.57 279.68 6.0 881.96 262.58 
9352 2.0 113.0 103.0 76.0 833.72 424.44 6.0 895.77 413.47 
9353 2.0 239.0 234.0 220.0 833.84 100.88 6.0 865.23 80.74 
9354 2.0 243.0 237.0 210.0 834.09 415.16 6.0 866.55 407.15 
9355 2.0 43.0 42.0 36.0 834.33 252.46 6.0 881.27 234.44 
9356 2.0 208.0 204.0 181.0 835.37 458.01 6.0 904.31 444.03 
9357 2.0 101.0 78.0 52.0 835.56 536.56 6.0 912.27 524.91 
9358 2.0 158.0 155.0 147.0 835.79 276.82 6.0 884.26 259.19 
9359 2.0 188.0 193.0 189.0 835.83 347.54 6.0 890.7 332.13 
9360 2.0 136.0 132.0 118.0 836.12 281.71 6.0 885.19 263.82 
9361 2.0 130.0 103.0 82.0 836.78 587.54 6.0 919.18 577.67 
9362 2.0 66.0 76.0 59.0 837.06 399.68 6.0 898.8 384.19 
9363 2.0 202.0 212.0 195.0 837.18 394.5 6.0 897.05 378.75 
9364 2.0 197.0 174.0 152.0 837.33 606.02 6.0 921.75 596.76 
9365 2.0 67.0 76.0 59.0 838.73 397.73 6.0 899.71 382.49 
9366 2.0 29.0 25.0 14.0 838.75 243.78 6.0 885.51 225.85 
9367 2.0 122.0 131.0 112.0 839.67 389.95 6.0 900.67 376.42 
9368 2.0 130.0 120.0 99.0 839.93 107.12 6.0 872.49 87.83 
9369 2.0 99.0 100.0 84.0 840.01 402.93 6.0 901.88 387.5 
9370 2.0 123.0 101.0 71.0 840.26 561.47 6.0 920.86 550.73 
9371 2.0 44.0 31.0 14.0 841.05 231.94 6.0 888.74 212.25 
9372 2.0 231.0 222.0 211.0 841.55 72.25 6.0 871.55 50.81 
9373 2.0 241.0 232.0 215.0 841.62 90.59 6.0 873.91 69.82 
9374 2.0 252.0 243.0 225.0 843.14 408.37 6.0 906.12 392.57 
9375 2.0 233.0 230.0 204.0 843.31 262.08 6.0 892.6 243.94 
9376 2.0 51.0 35.0 13.0 843.64 743.02 6.0 975.41 740.46 
9377 2.0 162.0 151.0 139.0 844.98 72.04 6.0 875.45 51.72 
9378 2.0 130.0 112.0 85.0 845.7 515.94 6.0 922.68 502.46 
9379 2.0 55.0 51.0 31.0 845.96 258.04 6.0 895.74 239.13 
9380 2.0 117.0 93.0 65.0 846.6 536.43 6.0 924.88 524.24 
9381 2.0 105.0 93.0 67.0 847.11 415.6 6.0 912.59 400.32 
9382 2.0 131.0 103.0 75.0 847.61 541.82 6.0 926.93 529.54 
9383 2.0 239.0 230.0 220.0 847.77 241.98 6.0 896.41 222.56 
9384 2.0 239.0 230.0 217.0 848.12 245.84 6.0 897.2 226.83 
9385 2.0 220.0 215.0 190.0 848.53 265.63 6.0 899.71 247.6 
9386 2.0 30.0 17.0 4.0 848.95 713.52 6.0 963.06 707.54 
9387 2.0 54.0 44.0 26.0 849.33 635.87 6.0 432.71 616.18 
9388 2.0 106.0 94.0 68.0 849.68 420.48 6.0 916.1 404.55 
9389 2.0 23.0 24.0 90.0 85.37 375.19 6.0 59.43 418.81 
9390 2.0 149.0 137.0 129.0 850.05 733.65 6.0 977.02 728.91 
9391 2.0 196.0 185.0 171.0 850.26 52.9 6.0 879.71 32.1 
9392 2.0 137.0 127.0 120.0 850.7 242.05 6.0 900.0 222.51 
9393 2.0 228.0 215.0 193.0 850.79 411.93 6.0 915.71 396.21 
9394 2.0 212.0 205.0 183.0 851.27 326.34 6.0 908.3 309.07 
9395 2.0 202.0 186.0 172.0 852.24 76.95 6.0 884.52 55.28 
9396 2.0 41.0 29.0 20.0 852.25 623.73 6.0 955.67 612.98 
9397 2.0 198.0 186.0 160.0 852.47 421.93 6.0 885.26 412.99 
9398 2.0 223.0 219.0 211.0 853.63 258.2 6.0 903.93 239.53 
9399 2.0 118.0 108.0 90.0 853.71 286.33 6.0 906.81 267.3 
9400 2.0 209.0 199.0 183.0 854.0 282.78 6.0 907.0 263.32 
9401 2.0 126.0 113.0 93.0 854.63 304.75 6.0 909.1 286.45 
9402 2.0 115.0 101.0 72.0 854.71 424.56 6.0 921.12 408.68 
9403 2.0 125.0 116.0 95.0 854.83 323.92 6.0 912.14 305.42 
9404 2.0 215.0 205.0 188.0 854.95 366.06 6.0 916.28 349.59 
9405 2.0 26.0 21.0 2.0 855.13 251.74 6.0 904.76 232.44 
9406 2.0 132.0 121.0 100.0 855.81 346.62 6.0 915.35 328.62 
9407 2.0 73.0 64.0 50.0 856.01 240.3 6.0 904.48 220.99 
9408 2.0 106.0 86.0 61.0 856.09 594.18 6.0 941.59 582.95 
9409 2.0 164.0 153.0 137.0 856.24 289.99 6.0 910.16 270.5 
9410 2.0 77.0 61.0 49.0 856.25 226.51 6.0 903.57 206.99 
9411 2.0 154.0 145.0 123.0 856.56 276.59 6.0 909.71 257.19 
9412 2.0 115.0 105.0 84.0 857.17 313.52 6.0 913.49 294.95 
9413 2.0 65.0 57.0 43.0 857.22 236.51 6.0 905.92 217.2 
9414 2.0 96.0 72.0 54.0 857.26 605.14 6.0 943.85 594.16 
9415 2.0 108.0 97.0 83.0 857.29 267.07 6.0 909.47 247.65 
9416 2.0 99.0 76.0 50.0 857.36 531.0 6.0 936.34 517.68 
9417 2.0 203.0 184.0 171.0 857.7 223.47 6.0 905.41 203.19 
9418 2.0 123.0 109.0 92.0 858.54 303.66 6.0 931.25 278.56 
9419 2.0 135.0 125.0 120.0 858.64 738.85 6.0 988.33 734.85 
9420 2.0 126.0 111.0 92.0 859.57 365.41 6.0 921.18 347.51 
9421 2.0 67.0 60.0 38.0 860.14 245.45 6.0 910.01 225.6 
9422 2.0 89.0 72.0 44.0 860.22 510.0 6.0 938.69 495.5 
9423 2.0 169.0 158.0 142.0 860.3 231.5 6.0 908.69 211.33 
9424 2.0 172.0 155.0 127.0 860.31 416.69 6.0 927.82 399.99 
9425 2.0 141.0 125.0 105.0 860.8 389.41 6.0 925.39 371.89 
9426 2.0 99.0 85.0 62.0 860.89 643.47 6.0 951.81 633.43 
9427 2.0 100.0 92.0 74.0 861.31 238.96 6.0 911.74 218.04 
9428 2.0 222.0 214.0 193.0 861.92 242.31 6.0 911.93 221.98 
9429 2.0 177.0 160.0 141.0 861.93 367.65 6.0 924.43 349.27 
9430 2.0 115.0 108.0 88.0 862.21 250.23 6.0 912.56 230.12 
9431 2.0 123.0 106.0 78.0 862.46 409.31 6.0 928.95 391.94 
9432 2.0 128.0 109.0 88.0 863.06 393.9 6.0 927.34 376.41 
9433 2.0 105.0 87.0 63.0 863.11 562.0 6.0 946.94 548.84 
9434 2.0 185.0 166.0 149.0 863.51 186.64 6.0 907.69 165.2 
9435 2.0 108.0 98.0 80.0 864.24 233.19 6.0 914.23 212.05 
9436 2.0 102.0 84.0 63.0 864.24 443.47 6.0 934.16 426.98 
9437 2.0 75.0 65.0 40.0 865.31 246.46 6.0 915.52 226.23 
9438 2.0 188.0 168.0 141.0 865.57 406.39 6.0 962.0 381.42 
9439 2.0 207.0 187.0 164.0 866.9 559.38 6.0 950.15 546.18 
9440 2.0 43.0 33.0 14.0 867.01 251.17 6.0 918.83 230.47 
9441 2.0 117.0 97.0 70.0 867.42 530.95 6.0 948.15 516.76 
9442 2.0 210.0 190.0 164.0 867.45 396.21 6.0 933.19 378.39 
9443 2.0 176.0 156.0 141.0 868.37 327.5 6.0 927.53 307.93 
9444 2.0 166.0 146.0 119.0 868.69 415.82 6.0 936.69 398.43 
9445 2.0 191.0 178.0 158.0 869.12 242.12 6.0 919.74 221.41 
9446 2.0 99.0 81.0 58.0 869.94 488.53 6.0 946.58 472.83 
9447 2.0 116.0 96.0 69.0 871.71 417.46 6.0 939.62 399.77 
9448 2.0 184.0 164.0 137.0 872.3 409.51 6.0 939.99 391.66 
9449 2.0 186.0 166.0 139.0 872.57 425.62 6.0 942.12 408.23 
9450 2.0 205.0 183.0 169.0 873.04 324.9 6.0 932.73 305.06 
9451 2.0 117.0 97.0 70.0 873.04 422.53 6.0 942.8 404.51 
9452 2.0 135.0 115.0 88.0 873.22 366.95 6.0 937.08 347.96 
9453 2.0 95.0 71.0 49.0 873.62 541.08 6.0 955.72 526.72 
9454 2.0 116.0 96.0 69.0 873.71 412.07 6.0 940.89 394.46 
9455 2.0 190.0 165.0 145.0 873.91 587.7 6.0 961.45 574.54 
9456 2.0 95.0 81.0 64.0 874.06 467.17 6.0 932.07 452.72 
9457 2.0 172.0 152.0 125.0 875.79 419.76 6.0 945.43 401.39 
9458 2.0 127.0 104.0 87.0 876.0 288.91 6.0 932.04 268.34 
9459 2.0 102.0 82.0 55.0 876.03 427.08 6.0 946.11 409.54 
9460 2.0 114.0 90.0 72.0 876.91 589.95 6.0 964.65 576.7 
9461 2.0 174.0 160.0 147.0 877.66 136.53 6.0 918.44 113.37 
9462 2.0 125.0 101.0 77.0 877.9 562.04 6.0 962.61 548.05 
9463 2.0 25.0 15.0 7.0 879.82 644.05 6.0 909.84 628.99 
9464 2.0 145.0 211.0 254.0 88.06 209.67 6.0 63.62 244.23 
9465 2.0 44.0 108.0 154.0 88.53 88.03 6.0 56.53 118.89 
9466 2.0 50.0 64.0 87.0 88.7 308.87 6.0 67.58 347.48 
9467 2.0 179.0 160.0 139.0 880.51 333.7 6.0 942.24 313.72 
9468 2.0 108.0 81.0 58.0 880.69 546.49 6.0 964.39 531.6 
9469 2.0 122.0 102.0 87.0 880.71 306.89 6.0 939.7 285.98 
9470 2.0 113.0 93.0 68.0 881.99 400.91 6.0 949.38 382.1 
9471 2.0 190.0 178.0 162.0 882.35 75.98 6.0 917.97 52.52 
9472 2.0 129.0 118.0 120.0 883.64 161.47 6.0 927.68 138.13 
9473 2.0 214.0 192.0 162.0 884.07 610.39 6.0 995.72 597.48 
9474 2.0 174.0 158.0 142.0 886.97 61.5 6.0 921.02 36.26 
9475 2.0 116.0 92.0 70.0 887.04 556.79 6.0 972.39 541.91 
9476 2.0 117.0 98.0 80.0 888.01 243.04 6.0 958.28 213.49 
9477 2.0 141.0 121.0 107.0 888.44 667.57 6.0 1016.41 658.22 
9478 2.0 188.0 170.0 152.0 888.59 317.51 6.0 949.03 296.34 
9479 2.0 124.0 101.0 79.0 888.73 562.5 6.0 974.83 547.37 
9480 2.0 115.0 95.0 72.0 888.98 369.08 6.0 935.76 353.67 
9481 2.0 118.0 97.0 75.0 889.57 399.81 6.0 958.12 380.38 
9482 2.0 103.0 84.0 63.0 889.86 503.4 6.0 970.69 486.46 
9483 2.0 112.0 110.0 119.0 89.68 518.13 6.0 48.73 565.04 
9484 2.0 110.0 90.0 70.0 890.03 440.39 6.0 983.82 417.85 
9485 2.0 105.0 84.0 67.0 890.16 541.13 6.0 974.65 525.29 
9486 2.0 189.0 176.0 156.0 890.39 74.29 6.0 926.95 50.14 
9487 2.0 194.0 176.0 153.0 890.53 286.07 6.0 949.18 264.27 
9488 2.0 181.0 168.0 146.0 890.62 67.14 6.0 925.95 42.67 
9489 2.0 121.0 100.0 81.0 891.03 363.59 6.0 955.31 343.48 
9490 2.0 207.0 188.0 173.0 891.34 84.42 6.0 928.93 60.08 
9491 2.0 187.0 169.0 151.0 892.14 238.79 6.0 945.1 215.91 
9492 2.0 97.0 78.0 63.0 894.63 82.24 6.0 932.24 57.6 
9493 2.0 118.0 97.0 78.0 895.35 398.88 6.0 965.18 378.55 
9494 2.0 103.0 82.0 62.0 895.8 409.2 6.0 966.75 389.11 
9495 2.0 187.0 172.0 152.0 896.03 581.64 6.0 985.46 566.66 
9496 2.0 131.0 111.0 88.0 896.35 418.99 6.0 967.97 399.62 
9497 2.0 205.0 186.0 165.0 896.79 329.65 6.0 960.07 307.74 
9498 2.0 176.0 157.0 139.0 897.48 180.97 6.0 945.38 156.91 
9499 2.0 103.0 79.0 60.0 897.59 546.84 6.0 983.25 530.46 
9500 2.0 127.0 106.0 89.0 898.73 187.34 6.0 947.61 163.05 
9501 2.0 99.0 81.0 61.0 899.01 321.31 6.0 961.26 299.69 
9502 2.0 199.0 181.0 163.0 899.12 84.79 6.0 937.36 59.43 
9503 2.0 143.0 226.0 255.0 90.2 84.27 6.0 58.21 115.07 
9504 2.0 150.0 140.0 124.0 900.37 763.95 6.0 1053.81 759.1 
9505 2.0 152.0 144.0 129.0 901.56 463.77 6.0 979.11 444.55 
9506 2.0 130.0 116.0 102.0 902.14 34.63 6.0 935.49 9.21 
9507 2.0 99.0 86.0 66.0 902.25 214.13 6.0 953.4 190.37 
9508 2.0 120.0 99.0 80.0 902.73 392.49 6.0 972.75 371.63 
9509 2.0 27.0 16.0 2.0 904.38 766.78 6.0 1057.34 761.34 
9510 2.0 86.0 76.0 55.0 905.18 485.93 6.0 986.05 467.3 
9511 2.0 182.0 168.0 155.0 905.72 32.14 6.0 939.37 6.8 
9512 2.0 113.0 92.0 75.0 905.95 355.0 6.0 972.54 333.1 
9513 2.0 197.0 183.0 192.0 906.43 148.19 6.0 952.53 122.71 
9514 2.0 197.0 177.0 163.0 906.5 611.61 6.0 1000.56 596.67 
9515 2.0 123.0 104.0 84.0 906.6 319.63 6.0 968.66 297.28 
9516 2.0 116.0 95.0 76.0 906.78 396.79 6.0 977.52 375.85 
9517 2.0 109.0 90.0 72.0 907.31 614.62 6.0 1002.55 600.03 
9518 2.0 210.0 196.0 183.0 907.83 75.83 6.0 946.38 50.01 
9519 2.0 161.0 140.0 123.0 907.95 362.98 6.0 976.12 340.89 
9520 2.0 13.0 64.0 105.0 91.54 353.21 6.0 64.61 395.98 
9521 2.0 105.0 94.0 84.0 910.42 105.43 6.0 952.33 79.43 
9522 2.0 118.0 100.0 80.0 910.51 620.03 6.0 1006.06 605.56 
9523 2.0 185.0 166.0 145.0 911.94 515.72 6.0 996.78 497.01 
9524 2.0 107.0 88.0 75.0 912.42 205.51 6.0 964.2 180.47 
9525 2.0 102.0 84.0 65.0 912.5 591.64 6.0 1004.54 575.66 
9526 2.0 195.0 175.0 150.0 913.03 381.67 6.0 982.98 359.96 
9527 2.0 204.0 185.0 174.0 913.2 159.52 6.0 961.21 133.84 
9528 2.0 104.0 86.0 61.0 914.6 513.14 6.0 999.85 494.38 
9529 2.0 184.0 165.0 150.0 914.65 259.88 6.0 972.12 235.63 
9530 2.0 26.0 15.0 7.0 915.18 134.2 6.0 953.87 111.53 
9531 2.0 110.0 93.0 64.0 915.6 552.27 6.0 1005.75 534.72 
9532 2.0 101.0 83.0 57.0 916.2 546.46 6.0 908.81 535.69 
9533 2.0 162.0 144.0 120.0 916.61 339.84 6.0 981.65 317.39 
9534 2.0 163.0 144.0 132.0 916.87 201.73 6.0 969.01 176.19 
9535 2.0 114.0 97.0 89.0 917.15 156.08 6.0 964.72 130.07 
9536 2.0 101.0 83.0 56.0 917.55 507.55 6.0 1001.39 488.43 
9537 2.0 123.0 104.0 73.0 917.75 568.46 6.0 1008.49 551.26 
9538 2.0 197.0 179.0 151.0 918.15 318.14 6.0 982.55 294.74 
9539 2.0 160.0 147.0 158.0 918.52 142.62 6.0 965.25 116.41 
9540 2.0 111.0 91.0 85.0 919.62 203.07 6.0 972.73 177.13 
9541 2.0 171.0 154.0 146.0 920.04 171.41 6.0 969.65 145.65 
9542 2.0 180.0 161.0 143.0 920.51 359.27 6.0 988.96 336.4 
9543 2.0 105.0 83.0 53.0 921.04 597.93 6.0 1016.15 581.49 
9544 2.0 143.0 127.0 123.0 921.78 189.62 6.0 973.65 163.39 
9545 2.0 202.0 184.0 161.0 923.22 312.13 6.0 987.43 287.91 
9546 2.0 169.0 152.0 144.0 923.29 218.45 6.0 979.04 192.32 
9547 2.0 172.0 154.0 126.0 923.29 549.85 6.0 1013.13 531.5 
9548 2.0 39.0 28.0 13.0 923.39 126.13 6.0 968.15 99.41 
9549 2.0 224.0 223.0 218.0 924.31 659.72 6.0 1043.89 645.06 
9550 2.0 108.0 85.0 60.0 924.47 592.27 6.0 1018.79 575.43 
9551 2.0 188.0 173.0 164.0 925.18 252.42 6.0 983.49 227.07 
9552 2.0 99.0 85.0 92.0 925.58 73.94 6.0 960.58 47.43 
9553 2.0 151.0 137.0 130.0 925.59 726.11 6.0 1065.66 716.28 
9554 2.0 191.0 172.0 157.0 925.81 338.1 6.0 992.49 314.44 
9555 2.0 131.0 112.0 101.0 925.94 299.55 6.0 989.58 274.52 
9556 2.0 162.0 143.0 122.0 926.01 797.51 6.0 1110.6 794.07 
9557 2.0 110.0 91.0 75.0 926.99 319.1 6.0 992.55 294.75 
9558 2.0 104.0 91.0 71.0 927.3 436.06 6.0 983.82 417.85 
9559 2.0 168.0 149.0 131.0 927.53 379.96 6.0 999.16 356.62 
9560 2.0 81.0 61.0 38.0 928.01 586.45 6.0 1022.7 569.29 
9561 2.0 94.0 70.0 51.0 928.27 610.28 6.0 1026.67 593.9 
9562 2.0 194.0 180.0 165.0 929.5 459.14 6.0 1009.75 438.02 
9563 2.0 122.0 103.0 90.0 929.63 730.87 6.0 1071.08 721.03 
9564 2.0 163.0 144.0 133.0 930.16 727.52 6.0 1071.46 717.6 
9565 2.0 95.0 82.0 62.0 931.07 462.12 6.0 1011.45 441.06 
9566 2.0 193.0 175.0 146.0 932.39 555.9 6.0 1023.73 536.93 
9567 2.0 118.0 106.0 94.0 933.05 760.84 6.0 1084.94 752.73 
9568 2.0 67.0 50.0 44.0 933.08 305.08 6.0 996.69 279.34 
9569 2.0 102.0 88.0 65.0 933.09 501.06 6.0 1019.5 480.76 
9570 2.0 188.0 190.0 171.0 933.41 661.12 6.0 1051.98 646.43 
9571 2.0 118.0 106.0 94.0 933.41 760.77 6.0 1084.94 752.73 
9572 2.0 105.0 92.0 78.0 933.82 435.13 6.0 1011.43 413.06 
9573 2.0 117.0 101.0 71.0 933.89 574.9 6.0 1026.97 556.79 
9574 2.0 166.0 151.0 140.0 934.65 389.31 6.0 1008.03 366.01 
9575 2.0 128.0 109.0 96.0 935.97 730.94 6.0 1076.56 720.24 
9576 2.0 176.0 161.0 152.0 936.13 415.5 6.0 1011.93 392.79 
9577 2.0 36.0 22.0 9.0 936.35 764.15 6.0 1089.55 757.12 
9578 2.0 123.0 108.0 99.0 936.71 424.37 6.0 1013.91 401.84 
9579 2.0 182.0 167.0 158.0 936.93 421.07 6.0 1013.66 398.86 
9580 2.0 173.0 159.0 145.0 937.6 461.07 6.0 1020.03 439.28 
9581 2.0 175.0 157.0 133.0 937.66 555.09 6.0 1028.71 535.83 
9582 2.0 121.0 102.0 79.0 937.83 604.82 6.0 1035.59 587.51 
9583 2.0 70.0 57.0 47.0 939.57 435.08 6.0 1017.85 412.18 
9584 2.0 136.0 121.0 86.0 939.76 593.83 6.0 1036.37 575.86 
9585 2.0 160.0 146.0 131.0 940.26 766.81 6.0 1096.38 758.61 
9586 2.0 129.0 115.0 87.0 940.48 575.3 6.0 1072.95 560.3 
9587 2.0 56.0 44.0 45.0 940.65 55.76 6.0 969.41 31.52 
9588 2.0 102.0 87.0 68.0 941.35 599.12 6.0 1039.56 581.41 
9589 2.0 100.0 82.0 61.0 941.41 610.97 6.0 1040.62 593.97 
9590 2.0 99.0 84.0 75.0 941.62 460.89 6.0 1024.51 438.66 
9591 2.0 175.0 157.0 136.0 941.74 538.64 6.0 1033.17 518.89 
9592 2.0 114.0 96.0 76.0 942.83 546.53 6.0 1033.42 526.94 
9593 2.0 67.0 51.0 47.0 943.05 413.32 6.0 1016.86 389.79 
9594 2.0 94.0 79.0 58.0 943.5 518.14 6.0 1033.36 497.11 
9595 2.0 111.0 92.0 77.0 945.78 563.63 6.0 1040.43 544.04 
9596 2.0 99.0 80.0 66.0 946.49 552.2 6.0 1038.92 532.35 
9597 2.0 94.0 82.0 54.0 946.54 575.23 6.0 1042.42 556.09 
9598 2.0 146.0 129.0 119.0 946.81 492.28 6.0 1034.37 470.06 
9599 2.0 90.0 74.0 63.0 947.21 586.82 6.0 1044.77 568.21 
9600 2.0 97.0 78.0 67.0 947.71 546.44 6.0 1040.7 526.23 
9601 2.0 108.0 89.0 76.0 948.6 611.69 6.0 1048.52 593.67 
9602 2.0 64.0 62.0 69.0 95.51 427.57 6.0 75.75 470.8 
9603 2.0 142.0 209.0 253.0 95.55 145.18 6.0 65.48 179.29 
9604 2.0 28.0 15.0 10.0 951.09 512.85 6.0 1040.04 490.9 
9605 2.0 197.0 176.0 167.0 951.33 614.53 6.0 1052.53 596.69 
9606 2.0 170.0 158.0 148.0 951.55 578.79 6.0 1047.97 559.45 
9607 2.0 41.0 29.0 21.0 951.65 529.94 6.0 1042.17 508.89 
9608 2.0 62.0 42.0 35.0 952.05 546.59 6.0 1044.48 526.43 
9609 2.0 126.0 112.0 102.0 954.29 335.12 6.0 1013.12 312.66 
9610 2.0 45.0 33.0 29.0 954.69 254.42 6.0 1002.24 229.79 
9611 2.0 42.0 30.0 25.0 954.99 266.24 6.0 1004.35 243.83 
9612 2.0 52.0 37.0 33.0 955.01 593.74 6.0 1053.49 573.71 
9613 2.0 105.0 93.0 91.0 955.12 197.34 6.0 994.3 171.72 
9614 2.0 101.0 88.0 78.0 959.44 601.19 6.0 191.49 589.24 
9615 2.0 51.0 34.0 18.0 961.29 742.03 6.0 1098.03 730.04 
9616 2.0 121.0 115.0 111.0 964.73 267.87 6.0 1011.1 243.44 
9617 2.0 153.0 142.0 126.0 965.1 733.68 6.0 1096.67 717.87 
9618 2.0 24.0 18.0 14.0 966.81 272.11 6.0 1013.03 246.73 
9619 2.0 107.0 192.0 236.0 97.39 124.21 6.0 67.72 156.23 
9620 2.0 129.0 209.0 252.0 98.55 137.0 6.0 68.17 170.29 
9621 2.0 28.0 88.0 132.0 98.73 273.12 6.0 81.34 310.2 
9622 2.0 78.0 162.0 210.0 99.4 131.8 6.0 68.14 165.8 
